==================================================
      VNSTOCK 4.x OPTIMIZED ANALYZER
      Danh sách: FPT
      Khung: 1W, Số lượng: 100
==================================================

==================================================
      PHÂN TÍCH MÃ: FPT  
      Khung thời gian: 1W
==================================================
┏━━━━━━━━━━━━━━━━━━━━━━━━━━━━━━━━━━━━━━━━━━━━━━━━━━━━━━━━━━━━━━━━━━━━━━━━━━━━━━━━━┓
┃                                                                                 ┃
┃                                                                                 ┃
┃  🚀 VNSTOCK INSIDERS PROGRAM - NÂNG TẦM TRẢI NGHIỆM CỦA BẠN! 🚀                 ┃
┃                                                                                 ┃
┃  Nếu bạn cảm thấy khó chịu với các thông báo và quảng cáo:                      ┃
┃                                                                                 ┃
┃  ✨ Ẩn toàn bộ thông báo và quảng cáo phiền hà                                  ┃
┃  🔓 Mở rộng khả năng sử dụng API tối đa                                         ┃
┃  ⚡ Tăng tốc tải dữ liệu từ 5-8 lần                                              ┃
┃  📈 Tăng giới hạn truy cập API lên đến 5 lần                                    ┃
┃  🤖 Dùng AI Agent viết code hiệu quả với tài liệu Agent Guide                   ┃
┃                                                                                 ┃
┃  🔗 Tham gia ngay: https://vnstocks.com/insiders-program.                       ┃
┃                                                                                 ┃
┗━━━━━━━━━━━━━━━━━━━━━━━━━━━━━━━━━━━━━━━━━━━━━━━━━━━━━━━━━━━━━━━━━━━━━━━━━━━━━━━━━┛

--- [ LỊCH SỬ GIÁ FPT  ] ---
          time symbol   open   high    low  close  change  wick_up  body  wick_dn     volume
0   2024-08-18    FPT 109.62 112.46 108.70 111.29    2.09     1.17  1.67     0.92   18435000
1   2024-08-25    FPT 111.46 112.80 109.03 112.71    1.42     0.09  1.25     2.43   13048800
2   2024-09-01    FPT 111.21 111.21 108.45 110.46   -2.25     0.00 -0.75     2.01   16412200
3   2024-09-08    FPT 109.37 111.54 108.36 111.21    0.75     0.33  1.84     1.01   17575500
4   2024-09-15    FPT 110.20 114.55 109.62 113.13    1.92     1.42  2.93     0.58   18820700
5   2024-09-22    FPT 113.63 113.63 111.54 112.21   -0.92     0.00 -1.42     0.67   15100900
6   2024-09-29    FPT 112.21 113.88 111.21 112.13   -0.08     1.67 -0.08     0.92   13245400
7   2024-10-06    FPT 112.21 119.40 111.71 116.73    4.60     2.67  4.52     0.50   19824800
8   2024-10-13    FPT 117.98 118.15 113.30 114.55   -2.18     0.17 -3.43     1.25   15970700
9   2024-10-20    FPT 114.55 115.14 110.87 112.04   -2.51     0.59 -2.51     1.17   15821800
10  2024-10-27    FPT 112.13 113.72 111.71 112.55    0.51     1.17  0.42     0.42    9584200
11  2024-11-03    FPT 112.55 115.05 110.62 113.55    1.00     1.50  1.00     1.93   12318300
12  2024-11-10    FPT 114.13 116.98 110.87 111.96   -1.59     2.85 -2.17     1.09   22962000
13  2024-11-17    FPT 112.04 112.55 105.94 111.96    0.00     0.51 -0.08     6.02   26099100
14  2024-11-24    FPT 112.04 121.58 111.38 120.66    8.70     0.92  8.62     0.66   32169500
15  2024-12-01    FPT 121.50 127.90 119.22 125.88    5.22     2.02  4.38     2.28   26720000
16  2024-12-08    FPT 125.62 127.90 123.01 125.88    0.00     2.02  0.26     2.61   20480500
17  2024-12-15    FPT 125.96 126.80 123.94 125.88    0.00     0.84 -0.08     1.94   20506100
18  2024-12-22    FPT 125.88 127.48 125.20 125.96    0.08     1.52  0.08     0.68   12123800
19  2024-12-29    FPT 125.79 129.58 125.04 125.46   -0.50     3.79 -0.33     0.42   13094500
20  2025-01-05    FPT 125.54 127.39 123.94 124.02   -1.44     1.85 -1.52     0.08   15039400
21  2025-01-12    FPT 123.01 126.38 121.84 125.46    1.44     0.92  2.45     1.17   16331900
22  2025-01-19    FPT 125.46 131.35 124.78 129.16    3.70     2.19  3.70     0.68   18197100
23  2025-02-02    FPT 124.61 125.62 122.34 123.01   -6.15     1.01 -1.60     0.67   30712000
24  2025-02-09    FPT 122.51 122.68 117.96 122.00   -1.01     0.17 -0.51     4.04   21100900
25  2025-02-16    FPT 122.09 122.09 119.14 119.56   -2.44     0.00 -2.53     0.42   15858500
26  2025-02-23    FPT 119.56 119.73 116.36 118.13   -1.43     0.17 -1.43     1.77   25747800
27  2025-03-02    FPT 118.30 120.82 117.12 119.06    0.93     1.76  0.76     1.18   18227900
28  2025-03-09    FPT 119.14 119.14 110.13 110.64   -8.42     0.00 -8.50     0.51   36996600
29  2025-03-16    FPT 110.80 111.31 103.98 107.77   -2.87     0.51 -3.03     3.79   44972100
30  2025-03-23    FPT 108.20 109.37 101.96 104.41   -3.36     1.17 -3.79     2.45   29863200
31  2025-03-30    FPT 103.90 103.90  88.91  95.14   -9.27     0.00 -8.76     6.23   50210200
32  2025-04-06    FPT  89.25  99.78  82.35  99.78    4.64     0.00 10.53     6.90   53399100
33  2025-04-13    FPT 101.04 101.04  88.32  93.96   -5.82     0.00 -7.08     5.64   51077600
34  2025-04-20    FPT  94.30  95.73  87.57  94.64    0.68     1.09  0.34     6.73   32294600
35  2025-04-27    FPT  94.30  94.64  91.86  92.11   -2.53     0.34 -2.19     0.25    6799200
36  2025-05-04    FPT  92.20  98.01  90.01  97.67    5.56     0.34  5.47     2.19   37922400
37  2025-05-11    FPT  98.51 106.85  98.26 101.88    4.21     4.97  3.37     0.25   45179900
38  2025-05-18    FPT 100.03 101.46  97.33  98.60   -3.28     1.43 -1.43     1.27   34643600
39  2025-05-25    FPT  98.26 100.53  96.83  98.09   -0.51     2.27 -0.17     1.26   20426200
40  2025-06-01    FPT  98.09  99.52  96.83  96.83   -1.26     1.43 -1.26     0.00   16874100
41  2025-06-08    FPT  97.25  99.95  96.83  98.00    1.17     1.95  0.75     0.42   22472800
42  2025-06-15    FPT  97.74 101.73  97.66  98.59    0.59     3.14  0.85     0.08   28970400
43  2025-06-22    FPT  98.08 101.39  97.23  99.61    1.02     1.78  1.53     0.85   24255400
44  2025-06-29    FPT 100.12 104.79  99.86 104.02    4.41     0.77  3.90     0.26   34259500
45  2025-07-06    FPT 104.70 108.70 103.86 107.51    3.49     1.19  2.81     0.84   42561600
46  2025-07-13    FPT 108.02 109.63 106.15 107.00   -0.51     1.61 -1.02     0.85   31470200
47  2025-07-20    FPT 109.73 110.12 106.12 108.07    1.07     0.39 -1.66     1.95   30806200
48  2025-07-27    FPT 108.17 108.95  99.09 104.46   -3.61     0.78 -3.71     5.37   50994400
49  2025-08-03    FPT 103.97 106.12 102.02 103.09   -1.37     2.15 -0.88     1.07   46577600
50  2025-08-10    FPT 103.38 106.90  98.90  98.99   -4.10     3.52 -4.39     0.09   79663000
51  2025-08-17    FPT  98.99 100.55  95.18  96.65   -2.34     1.56 -2.34     1.47   60352200
52  2025-08-24    FPT  99.58 102.60  95.58  99.19    2.54     3.02 -0.39     3.61   49355300
53  2025-08-31    FPT  99.58 103.00  97.62 100.94    1.75     2.06  1.36     1.96   29585600
54  2025-09-07    FPT 100.55 101.43  98.11  99.19   -1.75     0.88 -1.36     1.08   37420700
55  2025-09-14    FPT  99.48 105.24  98.11 100.55    1.36     4.69  1.07     1.37   83385400
56  2025-09-21    FPT 100.07 100.26  95.09  95.18   -5.37     0.19 -4.89     0.09   58701000
57  2025-09-28    FPT  95.48  95.48  89.23  91.18   -4.00     0.00 -4.30     1.95   45469900
58  2025-10-05    FPT  92.06  94.60  91.28  93.82    2.64     0.78  1.76     0.78   32013600
59  2025-10-12    FPT  92.65  92.65  86.01  86.01   -7.81     0.00 -6.64     0.00   55616100
60  2025-10-19    FPT  86.20  96.65  84.93  95.38    9.37     1.27  9.18     1.27   72818300
61  2025-10-26    FPT  96.65 101.43  94.01 101.43    6.05     0.00  4.78     2.64   67671000
62  2025-11-02    FPT 101.34 103.78  97.04  98.60   -2.83     2.44 -2.74     1.56   55941200
63  2025-11-09    FPT  98.80  98.80  93.82  97.62   -0.98     0.00 -1.18     3.80   32789400
64  2025-11-16    FPT  98.21  99.38  95.48  98.41    0.79     0.97  0.20     2.73   29784500
65  2025-11-23    FPT  98.31  98.70  94.79  94.79   -3.62     0.39 -3.52     0.00   26378500
66  2025-11-30    FPT  95.58  97.16  94.10  94.89    0.10     1.58 -0.69     0.79   27611200
67  2025-12-07    FPT  95.29  95.98  92.23  92.43   -2.46     0.69 -2.86     0.20   29855600
68  2025-12-14    FPT  92.62  94.99  90.75  92.62    0.19     2.37  0.00     1.87   23396000
69  2025-12-21    FPT  92.82  94.60  89.76  91.24   -1.38     1.78 -1.58     1.48   27228400
70  2025-12-28    FPT  91.24  95.68  91.24  94.50    3.26     1.18  3.26     0.00   16654700
71  2026-01-04    FPT  94.40  98.54  91.93  96.08    1.58     2.46  1.68     2.47   39479100
72  2026-01-11    FPT  96.67 103.87  96.47 103.87    7.79     0.00  7.20     0.20   61660600
73  2026-01-18    FPT 107.22 107.22  99.63  99.63   -4.24     0.00 -7.59     0.00   58954000
74  2026-01-25    FPT  98.84 105.74  96.67 103.08    3.45     2.66  4.24     2.17   58799300
75  2026-02-01    FPT 101.90 103.97  95.39  96.27   -6.81     2.07 -5.63     0.88   57923500
76  2026-02-08    FPT  97.46  98.54  94.99  94.99   -1.28     1.08 -2.47     0.00   39363200
77  2026-02-22    FPT  95.48  95.48  87.79  91.64   -3.35     0.00 -3.84     3.85  135163600
78  2026-03-01    FPT  88.88  90.26  80.39  80.49  -11.15     1.38 -8.39     0.10   97126200
79  2026-03-08    FPT  74.97  79.90  74.87  75.95   -4.54     3.95  0.98     0.10   71133400
80  2026-03-15    FPT  76.05  80.19  72.60  73.59   -2.36     4.14 -2.46     0.99   57260100
81  2026-03-22    FPT  72.70  75.95  70.63  75.07    1.48     0.88  2.37     2.07   44598900
82  2026-03-29    FPT  73.39  75.26  72.50  73.00   -2.07     1.87 -0.39     0.50   33545500
83  2026-04-05    FPT  73.00  78.12  72.50  76.64    3.64     1.48  3.64     0.50   36287900
84  2026-04-12    FPT  75.86  76.94  73.00  74.97   -1.67     1.08 -0.89     1.97   50365400
85  2026-04-19    FPT  75.26  76.35  72.20  72.40   -2.57     1.09 -2.86     0.20   40569100
86  2026-04-26    FPT  72.40  74.47  71.91  74.47    2.07     0.00  2.07     0.49   18666800
87  2026-05-03    FPT  73.88  74.08  70.92  70.92   -3.55     0.20 -2.96     0.00   48213300
88  2026-05-10    FPT  70.73  74.28  69.05  71.91    0.99     2.37  1.18     1.68   64911600
89  2026-05-17    FPT  71.91  77.43  71.02  74.08    2.17     3.35  2.17     0.89   79058100
90  2026-05-24    FPT  73.59  74.57  70.80  71.60   -2.48     0.98 -1.99     0.80   40815700
91  2026-05-31    FPT  72.20  77.70  72.10  75.00    3.40     2.70  2.80     0.10   71142100
92  2026-06-07    FPT  73.70  74.50  72.60  73.50   -1.50     0.80 -0.20     0.90   32618000
93  2026-06-14    FPT  74.40  75.20  70.80  71.50   -2.00     0.80 -2.90     0.70   50855600
94  2026-06-21    FPT  71.50  71.80  70.10  70.80   -0.70     0.30 -0.70     0.70   31891400
95  2026-06-28    FPT  70.70  73.30  70.20  72.30    1.50     1.00  1.60     0.50   35505500
96  2026-07-05    FPT  72.40  74.00  70.60  70.60   -1.70     1.60 -1.80     0.00   34878200
97  2026-07-12    FPT  70.30  71.30  64.70  67.00   -3.60     1.00 -3.30     2.30   52655500
98  2026-07-19    FPT  66.90  67.90  62.80  62.90   -4.10     1.00 -4.00     0.10   37040000
99  2026-07-26    FPT  63.10  67.90  61.50  67.60    4.70     0.30  4.50     1.60   24693800

==================================================
      HOÀN THÀNH PHÂN TÍCH          
==================================================
