
  ╭──────────────────────────────────────────────────────────╮
  │  ⚠️  VNSTOCK DEPRECATION NOTICE (31/08/2025)             │
  │                                                          │
  │  Lớp Vnstock và các phương thức cũ (stock, fx, crypto,   │
  │  world_index, fund...) đã chính thức bị ngừng hỗ trợ.    │
  │                                                          │
  │  Để hệ thống ổn định và nhận được cập nhật mới nhất,     │
  │  vui lòng chuyển sang dùng bộ thư viện `vnstock.api`.    │
  │                                                          │
  │  👉 Xem hướng dẫn Migration: /vnstock-migration          │
  ╰──────────────────────────────────────────────────────────╯

Mẫu code chuyển đổi (Migration Example):
--------------------------------------
Cũ (Old):  stock = Vnstock().stock('ACB')
Mới (New): from vnstock.api.quote import Quote
          q = Quote(symbol='ACB', source='VCI')

==================================================
      VNSTOCK 4.x OPTIMIZED ANALYZER
      Danh sách: NAS100
      Khung: 1H, Số lượng: 100
==================================================

==================================================
      PHÂN TÍCH MÃ: NAS100 (Nasdaq 100 CFD (BlackBull)) 
      Khung thời gian: 1H
==================================================

--- [ LỊCH SỬ GIÁ NAS100  ] ---
                   time  symbol      open      high       low     close  change  pct_change    volume
0   2026-06-12 02:00:00  NAS100 29,229.00 29,501.75 29,190.60 29,423.20  194.30        0.66 38,320.00
1   2026-06-12 03:00:00  NAS100 29,417.50 29,482.50 29,372.00 29,395.90  -27.30       -0.09 24,088.00
2   2026-06-12 05:00:00  NAS100 29,423.15 29,551.70 29,414.20 29,525.50  129.60        0.44 18,869.00
3   2026-06-12 06:00:00  NAS100 29,525.30 29,556.20 29,460.80 29,540.70   15.20        0.05 20,415.00
4   2026-06-12 07:00:00  NAS100 29,539.00 29,609.20 29,499.20 29,552.60   11.90        0.04 33,566.00
5   2026-06-12 08:00:00  NAS100 29,551.90 29,553.35 29,429.40 29,517.25  -35.35       -0.12 34,122.00
6   2026-06-12 09:00:00  NAS100 29,517.30 29,550.30 29,469.40 29,528.05   10.80        0.04 30,395.00
7   2026-06-12 10:00:00  NAS100 29,528.15 29,529.15 29,457.90 29,496.70  -31.35       -0.11 28,868.00
8   2026-06-12 11:00:00  NAS100 29,496.85 29,517.45 29,456.25 29,513.15   16.45        0.06 26,220.00
9   2026-06-12 12:00:00  NAS100 29,513.10 29,522.60 29,344.10 29,370.20 -142.95       -0.48 32,176.00
10  2026-06-12 13:00:00  NAS100 29,370.00 29,443.40 29,302.00 29,327.55  -42.65       -0.15 28,993.00
11  2026-06-12 14:00:00  NAS100 29,327.65 29,425.30 29,227.20 29,396.50   68.95        0.24 30,238.00
12  2026-06-12 15:00:00  NAS100 29,396.40 29,535.05 29,384.30 29,449.20   52.70        0.18 31,681.00
13  2026-06-12 16:00:00  NAS100 29,448.85 29,635.40 29,447.05 29,593.35  144.15        0.49 29,234.00
14  2026-06-12 17:00:00  NAS100 29,593.20 29,629.40 29,490.60 29,522.55  -70.80       -0.24 27,373.00
15  2026-06-12 18:00:00  NAS100 29,522.45 29,632.55 29,522.45 29,610.45   87.90        0.30 28,959.00
16  2026-06-12 19:00:00  NAS100 29,610.25 29,616.70 29,358.70 29,379.90 -230.55       -0.78 30,359.00
17  2026-06-12 20:00:00  NAS100 29,380.60 29,467.80 29,200.40 29,319.90  -60.00       -0.20 34,863.00
18  2026-06-12 21:00:00  NAS100 29,321.30 29,615.80 29,315.70 29,606.25  286.35        0.98 37,855.00
19  2026-06-12 22:00:00  NAS100 29,606.30 29,733.20 29,381.65 29,410.30 -195.95       -0.66 36,549.00
20  2026-06-12 23:00:00  NAS100 29,412.00 29,650.75 29,380.70 29,643.75  233.45        0.79 34,372.00
21  2026-06-13 00:00:00  NAS100 29,646.70 29,724.50 29,620.60 29,654.30   10.55        0.04 32,719.00
22  2026-06-13 01:00:00  NAS100 29,655.90 29,692.35 29,580.40 29,619.00  -35.30       -0.12 33,569.00
23  2026-06-13 02:00:00  NAS100 29,618.20 29,683.45 29,551.60 29,624.10    5.10        0.02 33,763.00
24  2026-06-13 03:00:00  NAS100 29,619.60 29,703.25 29,619.60 29,649.30   25.20        0.09 15,893.00
25  2026-06-15 05:00:00  NAS100 29,902.55 30,070.30 29,889.20 30,024.60  375.30        1.27 23,652.00
26  2026-06-15 06:00:00  NAS100 30,024.90 30,045.85 29,960.45 30,027.50    2.90        0.01 20,427.00
27  2026-06-15 07:00:00  NAS100 30,028.05 30,143.90 30,016.00 30,114.55   87.05        0.29 29,265.00
28  2026-06-15 08:00:00  NAS100 30,114.80 30,161.70 30,099.70 30,145.40   30.85        0.10 27,283.00
29  2026-06-15 09:00:00  NAS100 30,145.10 30,188.80 30,139.85 30,179.10   33.70        0.11 21,182.00
30  2026-06-15 10:00:00  NAS100 30,179.05 30,195.90 30,158.70 30,164.80  -14.30       -0.05 19,799.00
31  2026-06-15 11:00:00  NAS100 30,164.65 30,209.70 30,148.00 30,207.10   42.30        0.14 18,872.00
32  2026-06-15 12:00:00  NAS100 30,207.05 30,223.65 30,183.15 30,213.75    6.65        0.02 21,427.00
33  2026-06-15 13:00:00  NAS100 30,213.70 30,235.95 30,197.30 30,229.10   15.35        0.05 23,327.00
34  2026-06-15 14:00:00  NAS100 30,228.95 30,248.55 30,198.90 30,223.20   -5.90       -0.02 24,952.00
35  2026-06-15 15:00:00  NAS100 30,222.70 30,305.65 30,217.00 30,268.65   45.45        0.15 24,261.00
36  2026-06-15 16:00:00  NAS100 30,268.60 30,280.95 30,188.65 30,227.40  -41.25       -0.14 22,282.00
37  2026-06-15 17:00:00  NAS100 30,226.90 30,248.60 30,207.00 30,238.30   10.90        0.04 18,740.00
38  2026-06-15 18:00:00  NAS100 30,235.70 30,300.00 30,233.30 30,276.40   38.10        0.13 23,441.00
39  2026-06-15 19:00:00  NAS100 30,276.50 30,294.50 30,215.85 30,258.55  -17.85       -0.06 25,870.00
40  2026-06-15 20:00:00  NAS100 30,258.35 30,476.85 30,241.00 30,379.90  121.35        0.40 33,221.00
41  2026-06-15 21:00:00  NAS100 30,380.35 30,468.50 30,349.15 30,452.65   72.75        0.24 39,028.00
42  2026-06-15 22:00:00  NAS100 30,453.15 30,564.30 30,450.30 30,556.85  104.20        0.34 35,849.00
43  2026-06-15 23:00:00  NAS100 30,557.00 30,590.90 30,529.00 30,545.80  -11.05       -0.04 33,001.00
44  2026-06-16 00:00:00  NAS100 30,545.85 30,569.90 30,511.20 30,536.65   -9.15       -0.03 32,529.00
45  2026-06-16 01:00:00  NAS100 30,536.50 30,568.15 30,502.60 30,538.90    2.25        0.01 32,219.00
46  2026-06-16 02:00:00  NAS100 30,538.70 30,554.40 30,493.10 30,553.40   14.50        0.05 34,040.00
47  2026-06-16 03:00:00  NAS100 30,550.60 30,570.90 30,504.20 30,508.70  -44.70       -0.15 18,208.00
48  2026-06-16 05:00:00  NAS100 30,517.20 30,542.60 30,432.60 30,483.60  -25.10       -0.08 14,641.00
49  2026-06-16 06:00:00  NAS100 30,483.55 30,519.20 30,471.60 30,510.70   27.10        0.09 12,142.00
50  2026-06-16 07:00:00  NAS100 30,509.20 30,529.45 30,445.05 30,452.25  -58.45       -0.19 28,603.00
51  2026-06-16 08:00:00  NAS100 30,452.40 30,479.90 30,432.35 30,460.05    7.80        0.03 29,277.00
52  2026-06-16 09:00:00  NAS100 30,460.65 30,481.60 30,446.25 30,459.65   -0.40       -0.00 21,901.00
53  2026-06-16 10:00:00  NAS100 30,459.70 30,531.95 30,455.35 30,507.65   48.00        0.16 22,226.00
54  2026-06-16 11:00:00  NAS100 30,507.80 30,512.95 30,471.10 30,490.70  -16.95       -0.06 21,325.00
55  2026-06-16 12:00:00  NAS100 30,491.15 30,522.35 30,472.80 30,482.15   -8.55       -0.03 22,679.00
56  2026-06-16 13:00:00  NAS100 30,481.90 30,514.00 30,474.50 30,504.50   22.35        0.07 20,837.00
57  2026-06-16 14:00:00  NAS100 30,504.60 30,524.60 30,484.60 30,516.25   11.75        0.04 22,059.00
58  2026-06-16 15:00:00  NAS100 30,516.50 30,620.55 30,505.45 30,602.75   86.50        0.28 23,662.00
59  2026-06-16 16:00:00  NAS100 30,602.85 30,607.60 30,539.95 30,546.95  -55.80       -0.18 20,283.00
60  2026-06-16 17:00:00  NAS100 30,547.00 30,613.30 30,546.15 30,610.25   63.30        0.21 18,024.00
61  2026-06-16 18:00:00  NAS100 30,610.35 30,650.40 30,599.60 30,616.75    6.50        0.02 21,631.00
62  2026-06-16 19:00:00  NAS100 30,616.40 30,628.60 30,492.30 30,503.00 -113.75       -0.37 27,398.00
63  2026-06-16 20:00:00  NAS100 30,502.80 30,564.80 30,427.80 30,483.20  -19.80       -0.06 34,352.00
64  2026-06-16 21:00:00  NAS100 30,483.00 30,532.70 30,239.90 30,278.30 -204.90       -0.67 39,540.00
65  2026-06-16 22:00:00  NAS100 30,278.30 30,340.65 30,084.20 30,143.50 -134.80       -0.45 39,010.00
66  2026-06-16 23:00:00  NAS100 30,143.20 30,247.60 30,122.90 30,172.50   29.00        0.10 37,514.00
67  2026-06-17 00:00:00  NAS100 30,172.40 30,196.75 30,080.00 30,153.45  -19.05       -0.06 35,657.00
68  2026-06-17 01:00:00  NAS100 30,153.40 30,172.50 30,100.90 30,119.00  -34.45       -0.11 33,851.00
69  2026-06-17 02:00:00  NAS100 30,119.50 30,156.40 29,978.90 29,985.90 -133.10       -0.44 37,438.00
70  2026-06-17 03:00:00  NAS100 29,986.70 30,006.85 29,951.30 29,977.20   -8.70       -0.03 21,454.00
71  2026-06-17 05:00:00  NAS100 29,996.10 30,058.60 29,996.10 30,049.50   72.30        0.24 10,955.00
72  2026-06-17 06:00:00  NAS100 30,049.70 30,050.95 29,979.90 30,000.10  -49.40       -0.16 13,924.00
73  2026-06-17 07:00:00  NAS100 30,000.60 30,072.45 30,000.60 30,053.80   53.70        0.18 27,162.00
74  2026-06-17 08:00:00  NAS100 30,054.00 30,119.70 30,038.05 30,117.20   63.40        0.21 22,046.00
75  2026-06-17 09:00:00  NAS100 30,117.10 30,132.95 30,103.35 30,110.90   -6.30       -0.02 17,216.00
76  2026-06-17 10:00:00  NAS100 30,111.20 30,139.50 30,087.80 30,136.55   25.65        0.09 18,092.00
77  2026-06-17 11:00:00  NAS100 30,135.85 30,156.70 30,118.00 30,156.60   20.05        0.07 17,189.00
78  2026-06-17 12:00:00  NAS100 30,156.45 30,196.75 30,150.90 30,170.50   13.90        0.05 17,699.00
79  2026-06-17 13:00:00  NAS100 30,170.60 30,215.80 30,155.45 30,214.15   43.65        0.14 18,401.00
80  2026-06-17 14:00:00  NAS100 30,214.50 30,249.35 30,209.20 30,230.10   15.95        0.05 19,882.00
81  2026-06-17 15:00:00  NAS100 30,229.85 30,254.40 30,135.45 30,179.70  -50.40       -0.17 24,077.00
82  2026-06-17 16:00:00  NAS100 30,180.30 30,196.30 30,119.10 30,133.00  -46.70       -0.15 20,990.00
83  2026-06-17 17:00:00  NAS100 30,133.30 30,168.90 30,091.60 30,129.70   -3.30       -0.01 20,336.00
84  2026-06-17 18:00:00  NAS100 30,129.85 30,162.25 30,058.50 30,085.90  -43.80       -0.15 21,965.00
85  2026-06-17 19:00:00  NAS100 30,085.80 30,190.55 30,085.50 30,161.10   75.20        0.25 24,121.00
86  2026-06-17 20:00:00  NAS100 30,160.90 30,210.00 30,017.35 30,017.50 -143.60       -0.48 32,817.00
87  2026-06-17 21:00:00  NAS100 30,016.90 30,214.50 29,966.20 30,030.35   12.85        0.04 39,543.00
88  2026-06-17 22:00:00  NAS100 30,029.25 30,128.75 30,017.30 30,119.30   88.95        0.30 37,406.00
89  2026-06-17 23:00:00  NAS100 30,120.00 30,141.85 30,067.25 30,080.00  -39.30       -0.13 31,170.00
90  2026-06-18 00:00:00  NAS100 30,079.15 30,139.10 29,997.20 30,139.10   59.10        0.20 32,579.00
91  2026-06-18 01:00:00  NAS100 30,130.00 30,188.10 29,744.50 29,945.90 -193.20       -0.64 39,344.00
92  2026-06-18 02:00:00  NAS100 29,947.60 30,039.70 29,593.80 29,663.15 -282.75       -0.94 39,496.00
93  2026-06-18 03:00:00  NAS100 29,663.20 29,829.20 29,663.20 29,810.90  147.75        0.50 26,755.00
94  2026-06-18 05:00:00  NAS100 29,829.25 29,939.90 29,777.70 29,916.65  105.75        0.35 18,566.00
95  2026-06-18 06:00:00  NAS100 29,916.40 29,992.65 29,907.50 29,992.65   76.00        0.25 18,121.00
96  2026-06-18 07:00:00  NAS100 29,993.80 30,111.90 29,988.00 30,048.05   55.40        0.18 31,920.00
97  2026-06-18 08:00:00  NAS100 30,049.20 30,119.40 30,045.20 30,062.55   14.50        0.05 30,391.00
98  2026-06-18 09:00:00  NAS100 30,064.80 30,111.65 30,055.40 30,082.55   20.00        0.07 23,390.00
99  2026-06-18 10:00:00  NAS100 30,082.05 30,100.00 30,052.00 30,075.25   -7.30       -0.02 18,069.00

==================================================
      HOÀN THÀNH PHÂN TÍCH          
==================================================
