
  ╭──────────────────────────────────────────────────────────╮
  │  ⚠️  VNSTOCK DEPRECATION NOTICE (31/08/2025)             │
  │                                                          │
  │  Lớp Vnstock và các phương thức cũ (stock, fx, crypto,   │
  │  world_index, fund...) đã chính thức bị ngừng hỗ trợ.    │
  │                                                          │
  │  Để hệ thống ổn định và nhận được cập nhật mới nhất,     │
  │  vui lòng chuyển sang dùng bộ thư viện `vnstock.api`.    │
  │                                                          │
  │  👉 Xem hướng dẫn Migration: /vnstock-migration          │
  ╰──────────────────────────────────────────────────────────╯

Mẫu code chuyển đổi (Migration Example):
--------------------------------------
Cũ (Old):  stock = Vnstock().stock('ACB')
Mới (New): from vnstock.api.quote import Quote
          q = Quote(symbol='ACB', source='VCI')

==================================================
      VNSTOCK 4.x OPTIMIZED ANALYZER
      Danh sách: NAS100
      Khung: 1H, Số lượng: 200
==================================================

==================================================
      PHÂN TÍCH MÃ: NAS100 (Nasdaq 100 CFD (BlackBull)) 
      Khung thời gian: 1H
==================================================

--- [ LỊCH SỬ GIÁ NAS100  ] ---
                    time  symbol      open      high       low     close  change  pct_change    volume
0    2026-06-04 17:00:00  NAS100 30,278.85 30,279.65 30,146.95 30,187.30  -91.75       -0.30 24,997.00
1    2026-06-04 18:00:00  NAS100 30,189.10 30,229.90 30,107.20 30,222.50   35.20        0.12 30,804.00
2    2026-06-04 19:00:00  NAS100 30,222.30 30,271.70 30,166.10 30,252.90   30.40        0.10 29,575.00
3    2026-06-04 20:00:00  NAS100 30,252.35 30,306.40 30,131.20 30,190.70  -62.20       -0.21 35,218.00
4    2026-06-04 21:00:00  NAS100 30,189.90 30,299.85 30,095.20 30,298.80  108.10        0.36 39,218.00
5    2026-06-04 22:00:00  NAS100 30,300.00 30,411.60 30,297.80 30,355.60   56.80        0.19 37,692.00
6    2026-06-04 23:00:00  NAS100 30,355.75 30,435.60 30,337.10 30,421.45   65.85        0.22 34,715.00
7    2026-06-05 00:00:00  NAS100 30,421.50 30,505.70 30,407.00 30,501.95   80.50        0.26 32,698.00
8    2026-06-05 01:00:00  NAS100 30,501.80 30,540.55 30,492.85 30,500.00   -1.95       -0.01 31,749.00
9    2026-06-05 02:00:00  NAS100 30,500.15 30,545.50 30,423.80 30,426.60  -73.40       -0.24 34,522.00
10   2026-06-05 03:00:00  NAS100 30,427.55 30,437.15 30,340.60 30,343.90  -82.70       -0.27 23,493.00
11   2026-06-05 05:00:00  NAS100 30,359.30 30,360.75 30,255.95 30,305.70  -38.20       -0.13 16,719.00
12   2026-06-05 06:00:00  NAS100 30,305.20 30,310.15 30,194.40 30,203.25 -102.45       -0.34 18,488.00
13   2026-06-05 07:00:00  NAS100 30,202.40 30,202.40 30,071.15 30,082.40 -120.85       -0.40 31,604.00
14   2026-06-05 08:00:00  NAS100 30,082.65 30,135.95 29,992.20 30,135.20   52.80        0.18 31,937.00
15   2026-06-05 09:00:00  NAS100 30,135.25 30,188.25 30,111.10 30,153.40   18.20        0.06 26,580.00
16   2026-06-05 10:00:00  NAS100 30,153.80 30,167.75 30,085.45 30,102.05  -51.35       -0.17 25,675.00
17   2026-06-05 11:00:00  NAS100 30,102.00 30,182.10 30,096.00 30,168.60   66.55        0.22 25,142.00
18   2026-06-05 12:00:00  NAS100 30,169.00 30,172.50 30,102.10 30,109.00  -59.60       -0.20 25,628.00
19   2026-06-05 13:00:00  NAS100 30,108.50 30,153.05 30,052.70 30,062.45  -46.55       -0.15 25,951.00
20   2026-06-05 14:00:00  NAS100 30,061.35 30,097.30 30,001.55 30,090.20   27.75        0.09 26,321.00
21   2026-06-05 15:00:00  NAS100 30,090.15 30,161.65 30,059.45 30,098.40    8.20        0.03 25,519.00
22   2026-06-05 16:00:00  NAS100 30,098.25 30,197.10 30,091.45 30,137.30   38.90        0.13 22,761.00
23   2026-06-05 17:00:00  NAS100 30,137.80 30,175.55 30,131.55 30,135.30   -2.00       -0.01 17,933.00
24   2026-06-05 18:00:00  NAS100 30,133.80 30,136.45 30,082.85 30,086.20  -49.10       -0.16 20,714.00
25   2026-06-05 19:00:00  NAS100 30,087.05 30,096.40 29,982.80 29,995.05  -91.15       -0.30 29,537.00
26   2026-06-05 20:00:00  NAS100 29,994.00 30,038.80 29,710.85 29,712.15 -282.90       -0.94 36,420.00
27   2026-06-05 21:00:00  NAS100 29,712.30 29,880.80 29,698.20 29,792.80   80.65        0.27 39,400.00
28   2026-06-05 22:00:00  NAS100 29,792.50 29,808.75 29,555.50 29,598.45 -194.35       -0.65 38,814.00
29   2026-06-05 23:00:00  NAS100 29,597.90 29,599.60 29,322.90 29,429.10 -169.35       -0.57 39,162.00
30   2026-06-06 00:00:00  NAS100 29,430.20 29,443.80 29,301.70 29,410.30  -18.80       -0.06 38,407.00
31   2026-06-06 01:00:00  NAS100 29,410.65 29,415.90 29,040.85 29,131.60 -278.70       -0.95 38,769.00
32   2026-06-06 02:00:00  NAS100 29,129.70 29,149.90 28,914.20 28,953.90 -177.70       -0.61 39,689.00
33   2026-06-06 03:00:00  NAS100 28,954.90 28,981.10 28,720.50 28,770.90 -183.00       -0.63 33,114.00
34   2026-06-08 05:00:00  NAS100 28,824.60 28,973.10 28,773.70 28,843.90   73.00        0.25 29,181.00
35   2026-06-08 06:00:00  NAS100 28,844.35 29,053.00 28,844.35 29,037.70  193.80        0.67 26,075.00
36   2026-06-08 07:00:00  NAS100 29,036.20 29,237.90 29,010.65 29,167.70  130.00        0.45 33,208.00
37   2026-06-08 08:00:00  NAS100 29,169.40 29,185.90 28,976.60 29,108.30  -59.40       -0.20 36,434.00
38   2026-06-08 09:00:00  NAS100 29,109.50 29,193.50 29,055.60 29,161.10   52.80        0.18 32,797.00
39   2026-06-08 10:00:00  NAS100 29,161.20 29,182.10 29,126.70 29,162.40    1.30        0.00 28,515.00
40   2026-06-08 11:00:00  NAS100 29,163.00 29,172.90 29,038.80 29,040.65 -121.75       -0.42 29,450.00
41   2026-06-08 12:00:00  NAS100 29,040.95 29,088.80 28,923.40 28,966.50  -74.15       -0.26 32,967.00
42   2026-06-08 13:00:00  NAS100 28,968.40 29,099.85 28,951.30 29,052.30   85.80        0.30 31,562.00
43   2026-06-08 14:00:00  NAS100 29,052.05 29,230.85 29,033.80 29,206.95  154.65        0.53 30,080.00
44   2026-06-08 15:00:00  NAS100 29,206.90 29,217.15 29,108.00 29,128.05  -78.90       -0.27 30,014.00
45   2026-06-08 16:00:00  NAS100 29,128.60 29,198.30 29,095.30 29,189.90   61.85        0.21 25,934.00
46   2026-06-08 17:00:00  NAS100 29,190.05 29,222.95 29,126.00 29,192.10    2.20        0.01 24,140.00
47   2026-06-08 18:00:00  NAS100 29,192.30 29,387.85 29,164.20 29,325.60  133.50        0.46 29,970.00
48   2026-06-08 19:00:00  NAS100 29,325.45 29,457.50 29,315.90 29,436.10  110.50        0.38 28,689.00
49   2026-06-08 20:00:00  NAS100 29,435.20 29,554.80 29,292.80 29,300.80 -135.30       -0.46 36,665.00
50   2026-06-08 21:00:00  NAS100 29,300.20 29,630.50 29,282.50 29,626.45  325.65        1.11 39,394.00
51   2026-06-08 22:00:00  NAS100 29,626.80 29,692.75 29,509.10 29,560.40  -66.05       -0.22 38,357.00
52   2026-06-08 23:00:00  NAS100 29,560.40 29,642.30 29,505.00 29,530.80  -29.60       -0.10 37,918.00
53   2026-06-09 00:00:00  NAS100 29,531.60 29,573.80 29,437.25 29,508.80  -22.00       -0.07 38,061.00
54   2026-06-09 01:00:00  NAS100 29,510.60 29,567.95 29,478.55 29,492.15  -16.65       -0.06 36,830.00
55   2026-06-09 02:00:00  NAS100 29,492.90 29,498.10 29,328.00 29,403.40  -88.75       -0.30 37,896.00
56   2026-06-09 03:00:00  NAS100 29,401.60 29,420.35 29,351.80 29,385.50  -17.90       -0.06 21,516.00
57   2026-06-09 05:00:00  NAS100 29,391.60 29,424.40 29,279.25 29,382.00   -3.50       -0.01 20,097.00
58   2026-06-09 06:00:00  NAS100 29,382.10 29,438.60 29,342.50 29,383.45    1.45        0.00 19,596.00
59   2026-06-09 07:00:00  NAS100 29,382.30 29,397.55 29,262.00 29,294.95  -88.50       -0.30 35,439.00
60   2026-06-09 08:00:00  NAS100 29,295.30 29,503.35 29,287.25 29,449.20  154.25        0.53 34,727.00
61   2026-06-09 09:00:00  NAS100 29,449.30 29,481.10 29,418.10 29,471.55   22.35        0.08 30,541.00
62   2026-06-09 10:00:00  NAS100 29,471.45 29,549.65 29,458.85 29,538.60   67.05        0.23 26,869.00
63   2026-06-09 11:00:00  NAS100 29,538.35 29,587.75 29,526.30 29,561.20   22.60        0.08 23,288.00
64   2026-06-09 12:00:00  NAS100 29,561.50 29,608.65 29,547.85 29,591.40   30.20        0.10 26,334.00
65   2026-06-09 13:00:00  NAS100 29,591.90 29,631.85 29,558.90 29,580.05  -11.35       -0.04 25,056.00
66   2026-06-09 14:00:00  NAS100 29,580.00 29,646.55 29,541.35 29,550.25  -29.80       -0.10 27,652.00
67   2026-06-09 15:00:00  NAS100 29,550.00 29,644.15 29,524.00 29,599.20   48.95        0.17 26,628.00
68   2026-06-09 16:00:00  NAS100 29,599.30 29,653.65 29,593.50 29,637.45   38.25        0.13 19,702.00
69   2026-06-09 17:00:00  NAS100 29,637.35 29,655.20 29,581.30 29,642.35    4.90        0.02 21,420.00
70   2026-06-09 18:00:00  NAS100 29,642.50 29,684.45 29,629.20 29,638.60   -3.75       -0.01 21,691.00
71   2026-06-09 19:00:00  NAS100 29,639.00 29,694.75 29,610.25 29,693.00   54.40        0.18 24,530.00
72   2026-06-09 20:00:00  NAS100 29,693.10 29,803.60 29,593.35 29,629.45  -63.55       -0.21 34,179.00
73   2026-06-09 21:00:00  NAS100 29,629.50 29,668.55 29,042.80 29,197.15 -432.30       -1.46 39,478.00
74   2026-06-09 22:00:00  NAS100 29,196.80 29,258.60 28,639.50 28,653.20 -543.95       -1.86 39,206.00
75   2026-06-09 23:00:00  NAS100 28,652.70 28,741.80 28,186.00 28,437.45 -215.75       -0.75 39,158.00
76   2026-06-10 00:00:00  NAS100 28,437.20 28,881.40 28,427.50 28,786.80  349.35        1.23 39,201.00
77   2026-06-10 01:00:00  NAS100 28,789.10 29,047.90 28,742.65 29,023.85  237.05        0.82 38,928.00
78   2026-06-10 02:00:00  NAS100 29,023.70 29,101.25 28,797.00 29,070.70   46.85        0.16 39,158.00
79   2026-06-10 03:00:00  NAS100 29,073.70 29,152.90 29,040.65 29,096.70   26.00        0.09 27,034.00
80   2026-06-10 05:00:00  NAS100 29,037.10 29,074.70 28,946.60 28,986.15 -110.55       -0.38 19,852.00
81   2026-06-10 06:00:00  NAS100 28,986.40 29,058.05 28,941.10 29,024.20   38.05        0.13 20,610.00
82   2026-06-10 07:00:00  NAS100 29,024.20 29,127.70 28,931.70 29,035.25   11.05        0.04 34,623.00
83   2026-06-10 08:00:00  NAS100 29,034.90 29,072.00 28,970.80 28,993.40  -41.85       -0.14 32,891.00
84   2026-06-10 09:00:00  NAS100 28,993.15 29,000.70 28,920.30 28,929.95  -63.45       -0.22 29,796.00
85   2026-06-10 10:00:00  NAS100 28,930.20 29,004.55 28,925.25 28,951.70   21.75        0.08 28,057.00
86   2026-06-10 11:00:00  NAS100 28,951.40 28,961.45 28,829.00 28,857.10  -94.60       -0.33 26,236.00
87   2026-06-10 12:00:00  NAS100 28,857.30 28,926.20 28,814.90 28,903.10   46.00        0.16 29,677.00
88   2026-06-10 13:00:00  NAS100 28,903.10 28,972.20 28,895.20 28,927.70   24.60        0.09 24,791.00
89   2026-06-10 14:00:00  NAS100 28,927.55 28,960.40 28,887.10 28,922.60   -5.10       -0.02 26,391.00
90   2026-06-10 15:00:00  NAS100 28,922.25 28,922.70 28,702.70 28,722.10 -200.50       -0.69 30,053.00
91   2026-06-10 16:00:00  NAS100 28,721.85 28,778.20 28,644.60 28,738.00   15.90        0.06 29,651.00
92   2026-06-10 17:00:00  NAS100 28,738.30 28,802.65 28,659.20 28,785.90   47.90        0.17 26,321.00
93   2026-06-10 18:00:00  NAS100 28,787.70 28,804.30 28,569.90 28,637.35 -148.55       -0.52 33,867.00
94   2026-06-10 19:00:00  NAS100 28,637.45 28,951.20 28,623.00 28,792.30  154.95        0.54 34,490.00
95   2026-06-10 20:00:00  NAS100 28,791.80 29,120.80 28,734.70 28,980.95  188.65        0.66 37,440.00
96   2026-06-10 21:00:00  NAS100 28,982.30 29,208.60 28,815.50 28,860.70 -120.25       -0.41 39,750.00
97   2026-06-10 22:00:00  NAS100 28,864.50 28,944.30 28,587.30 28,814.55  -46.15       -0.16 39,555.00
98   2026-06-10 23:00:00  NAS100 28,815.05 28,855.20 28,624.20 28,674.80 -139.75       -0.48 38,825.00
99   2026-06-11 00:00:00  NAS100 28,676.70 28,752.70 28,577.70 28,738.65   63.85        0.22 38,844.00
100  2026-06-11 01:00:00  NAS100 28,738.75 28,790.60 28,534.40 28,566.40 -172.25       -0.60 38,233.00
101  2026-06-11 02:00:00  NAS100 28,567.20 28,626.40 28,454.20 28,488.00  -78.40       -0.27 39,213.00
102  2026-06-11 03:00:00  NAS100 28,487.90 28,493.80 28,368.40 28,430.50  -57.50       -0.20 25,080.00
103  2026-06-11 05:00:00  NAS100 28,419.10 28,429.20 28,290.30 28,302.55 -127.95       -0.45 24,759.00
104  2026-06-11 06:00:00  NAS100 28,301.60 28,405.90 28,226.70 28,323.40   20.85        0.07 27,128.00
105  2026-06-11 07:00:00  NAS100 28,323.40 28,531.15 28,296.85 28,510.30  186.90        0.66 36,113.00
106  2026-06-11 08:00:00  NAS100 28,510.50 28,723.00 28,509.95 28,603.50   93.20        0.33 33,699.00
107  2026-06-11 09:00:00  NAS100 28,604.20 28,656.90 28,493.40 28,596.40   -7.10       -0.02 32,996.00
108  2026-06-11 10:00:00  NAS100 28,596.30 28,703.65 28,542.10 28,699.05  102.65        0.36 30,823.00
109  2026-06-11 11:00:00  NAS100 28,699.15 28,762.55 28,665.10 28,736.20   37.15        0.13 27,104.00
110  2026-06-11 12:00:00  NAS100 28,736.25 28,741.70 28,672.65 28,707.35  -28.85       -0.10 27,962.00
111  2026-06-11 13:00:00  NAS100 28,708.75 28,757.00 28,649.35 28,752.20   44.85        0.16 26,667.00
112  2026-06-11 14:00:00  NAS100 28,751.15 28,828.40 28,727.45 28,805.25   53.05        0.18 25,979.00
113  2026-06-11 15:00:00  NAS100 28,805.35 28,894.90 28,803.20 28,870.30   65.05        0.23 24,785.00
114  2026-06-11 16:00:00  NAS100 28,870.90 28,882.10 28,818.65 28,838.65  -31.65       -0.11 20,988.00
115  2026-06-11 17:00:00  NAS100 28,837.75 28,876.75 28,836.20 28,839.05    0.40        0.00 19,943.00
116  2026-06-11 18:00:00  NAS100 28,839.00 28,868.80 28,773.20 28,861.15   22.10        0.08 25,195.00
117  2026-06-11 19:00:00  NAS100 28,860.50 28,874.40 28,598.95 28,773.70  -87.45       -0.30 31,214.00
118  2026-06-11 20:00:00  NAS100 28,772.80 28,972.20 28,612.30 28,859.95   86.25        0.30 35,789.00
119  2026-06-11 21:00:00  NAS100 28,859.90 29,008.65 28,568.80 28,610.80 -249.15       -0.86 39,577.00
120  2026-06-11 22:00:00  NAS100 28,609.90 28,865.30 28,540.20 28,818.10  207.30        0.72 39,092.00
121  2026-06-11 23:00:00  NAS100 28,818.15 28,934.80 28,726.60 28,729.50  -88.60       -0.31 38,297.00
122  2026-06-12 00:00:00  NAS100 28,730.00 29,261.20 28,640.30 29,174.50  445.00        1.55 38,854.00
123  2026-06-12 01:00:00  NAS100 29,174.55 29,269.20 29,031.30 29,228.90   54.40        0.19 34,286.00
124  2026-06-12 02:00:00  NAS100 29,229.00 29,501.75 29,190.60 29,423.20  194.30        0.66 38,318.00
125  2026-06-12 03:00:00  NAS100 29,417.50 29,482.50 29,372.00 29,395.90  -27.30       -0.09 24,088.00
126  2026-06-12 05:00:00  NAS100 29,423.15 29,551.70 29,414.20 29,525.50  129.60        0.44 18,869.00
127  2026-06-12 06:00:00  NAS100 29,525.30 29,556.20 29,460.80 29,540.70   15.20        0.05 20,415.00
128  2026-06-12 07:00:00  NAS100 29,539.00 29,609.20 29,499.20 29,552.60   11.90        0.04 33,558.00
129  2026-06-12 08:00:00  NAS100 29,551.90 29,553.35 29,429.40 29,517.25  -35.35       -0.12 34,109.00
130  2026-06-12 09:00:00  NAS100 29,517.30 29,550.30 29,469.40 29,528.05   10.80        0.04 30,393.00
131  2026-06-12 10:00:00  NAS100 29,528.15 29,529.15 29,457.90 29,496.70  -31.35       -0.11 28,868.00
132  2026-06-12 11:00:00  NAS100 29,496.85 29,517.45 29,456.25 29,513.15   16.45        0.06 26,220.00
133  2026-06-12 12:00:00  NAS100 29,513.10 29,522.60 29,344.10 29,370.20 -142.95       -0.48 32,174.00
134  2026-06-12 13:00:00  NAS100 29,370.00 29,443.40 29,302.00 29,327.55  -42.65       -0.15 28,981.00
135  2026-06-12 14:00:00  NAS100 29,327.65 29,425.30 29,227.20 29,396.50   68.95        0.24 30,228.00
136  2026-06-12 15:00:00  NAS100 29,396.40 29,535.05 29,384.30 29,449.20   52.70        0.18 31,675.00
137  2026-06-12 16:00:00  NAS100 29,448.85 29,635.40 29,447.05 29,593.35  144.15        0.49 29,234.00
138  2026-06-12 17:00:00  NAS100 29,593.20 29,629.40 29,490.60 29,522.55  -70.80       -0.24 27,367.00
139  2026-06-12 18:00:00  NAS100 29,522.45 29,632.55 29,522.45 29,610.45   87.90        0.30 28,957.00
140  2026-06-12 19:00:00  NAS100 29,610.25 29,616.70 29,358.70 29,379.90 -230.55       -0.78 30,359.00
141  2026-06-12 20:00:00  NAS100 29,380.60 29,467.80 29,200.40 29,319.90  -60.00       -0.20 34,843.00
142  2026-06-12 21:00:00  NAS100 29,321.30 29,615.80 29,315.70 29,606.25  286.35        0.98 37,835.00
143  2026-06-12 22:00:00  NAS100 29,606.30 29,733.20 29,381.65 29,410.30 -195.95       -0.66 36,537.00
144  2026-06-12 23:00:00  NAS100 29,412.00 29,650.75 29,380.70 29,643.75  233.45        0.79 34,356.00
145  2026-06-13 00:00:00  NAS100 29,646.70 29,724.50 29,620.60 29,654.30   10.55        0.04 32,717.00
146  2026-06-13 01:00:00  NAS100 29,655.90 29,692.35 29,580.40 29,619.00  -35.30       -0.12 33,564.00
147  2026-06-13 02:00:00  NAS100 29,618.20 29,683.45 29,551.60 29,624.10    5.10        0.02 33,763.00
148  2026-06-13 03:00:00  NAS100 29,619.60 29,703.25 29,619.60 29,649.30   25.20        0.09 15,893.00
149  2026-06-15 05:00:00  NAS100 29,902.55 30,070.30 29,889.20 30,024.60  375.30        1.27 23,652.00
150  2026-06-15 06:00:00  NAS100 30,024.90 30,045.85 29,960.45 30,027.50    2.90        0.01 20,427.00
151  2026-06-15 07:00:00  NAS100 30,028.05 30,143.90 30,016.00 30,114.55   87.05        0.29 29,259.00
152  2026-06-15 08:00:00  NAS100 30,114.80 30,161.70 30,099.70 30,145.40   30.85        0.10 27,276.00
153  2026-06-15 09:00:00  NAS100 30,145.10 30,188.80 30,139.85 30,179.10   33.70        0.11 21,182.00
154  2026-06-15 10:00:00  NAS100 30,179.05 30,195.90 30,158.70 30,164.80  -14.30       -0.05 19,799.00
155  2026-06-15 11:00:00  NAS100 30,164.65 30,209.70 30,148.00 30,207.10   42.30        0.14 18,872.00
156  2026-06-15 12:00:00  NAS100 30,207.05 30,223.65 30,183.15 30,213.75    6.65        0.02 21,427.00
157  2026-06-15 13:00:00  NAS100 30,213.70 30,235.95 30,197.30 30,229.10   15.35        0.05 23,325.00
158  2026-06-15 14:00:00  NAS100 30,228.95 30,248.55 30,198.90 30,223.20   -5.90       -0.02 24,840.00
159  2026-06-15 15:00:00  NAS100 30,222.70 30,305.65 30,217.00 30,268.65   45.45        0.15 24,261.00
160  2026-06-15 16:00:00  NAS100 30,268.60 30,280.95 30,188.65 30,227.40  -41.25       -0.14 22,208.00
161  2026-06-15 17:00:00  NAS100 30,226.90 30,248.60 30,207.00 30,238.30   10.90        0.04 18,740.00
162  2026-06-15 18:00:00  NAS100 30,235.70 30,300.00 30,233.30 30,276.40   38.10        0.13 23,441.00
163  2026-06-15 19:00:00  NAS100 30,276.50 30,294.50 30,215.85 30,258.55  -17.85       -0.06 25,870.00
164  2026-06-15 20:00:00  NAS100 30,258.35 30,476.85 30,241.00 30,379.90  121.35        0.40 33,217.00
165  2026-06-15 21:00:00  NAS100 30,380.35 30,468.50 30,349.15 30,452.65   72.75        0.24 39,026.00
166  2026-06-15 22:00:00  NAS100 30,453.15 30,564.30 30,450.30 30,556.85  104.20        0.34 35,847.00
167  2026-06-15 23:00:00  NAS100 30,557.00 30,590.90 30,529.00 30,545.80  -11.05       -0.04 33,001.00
168  2026-06-16 00:00:00  NAS100 30,545.85 30,569.90 30,511.20 30,536.65   -9.15       -0.03 32,529.00
169  2026-06-16 01:00:00  NAS100 30,536.50 30,568.15 30,502.60 30,538.90    2.25        0.01 32,219.00
170  2026-06-16 02:00:00  NAS100 30,538.70 30,554.40 30,493.10 30,553.40   14.50        0.05 34,036.00
171  2026-06-16 03:00:00  NAS100 30,550.60 30,570.90 30,504.20 30,508.70  -44.70       -0.15 18,208.00
172  2026-06-16 05:00:00  NAS100 30,517.20 30,542.60 30,432.60 30,483.60  -25.10       -0.08 14,641.00
173  2026-06-16 06:00:00  NAS100 30,483.55 30,519.20 30,471.60 30,510.70   27.10        0.09 12,142.00
174  2026-06-16 07:00:00  NAS100 30,509.20 30,529.45 30,445.05 30,452.25  -58.45       -0.19 28,603.00
175  2026-06-16 08:00:00  NAS100 30,452.40 30,479.90 30,432.35 30,460.05    7.80        0.03 29,273.00
176  2026-06-16 09:00:00  NAS100 30,460.65 30,481.60 30,446.25 30,459.65   -0.40       -0.00 21,901.00
177  2026-06-16 10:00:00  NAS100 30,459.70 30,531.95 30,455.35 30,507.65   48.00        0.16 22,226.00
178  2026-06-16 11:00:00  NAS100 30,507.80 30,512.95 30,471.10 30,490.70  -16.95       -0.06 21,325.00
179  2026-06-16 12:00:00  NAS100 30,491.15 30,522.35 30,472.80 30,482.15   -8.55       -0.03 22,679.00
180  2026-06-16 13:00:00  NAS100 30,481.90 30,514.00 30,474.50 30,504.50   22.35        0.07 20,837.00
181  2026-06-16 14:00:00  NAS100 30,504.60 30,524.60 30,484.60 30,516.25   11.75        0.04 22,059.00
182  2026-06-16 15:00:00  NAS100 30,516.50 30,620.55 30,505.45 30,602.75   86.50        0.28 23,662.00
183  2026-06-16 16:00:00  NAS100 30,602.85 30,607.60 30,539.95 30,546.95  -55.80       -0.18 20,283.00
184  2026-06-16 17:00:00  NAS100 30,547.00 30,613.30 30,546.15 30,610.25   63.30        0.21 18,024.00
185  2026-06-16 18:00:00  NAS100 30,610.35 30,650.40 30,599.60 30,616.75    6.50        0.02 21,631.00
186  2026-06-16 19:00:00  NAS100 30,616.40 30,628.60 30,492.30 30,503.00 -113.75       -0.37 27,398.00
187  2026-06-16 20:00:00  NAS100 30,502.80 30,564.80 30,427.80 30,483.20  -19.80       -0.06 34,352.00
188  2026-06-16 21:00:00  NAS100 30,483.00 30,532.70 30,239.90 30,278.30 -204.90       -0.67 39,532.00
189  2026-06-16 22:00:00  NAS100 30,278.30 30,340.65 30,084.20 30,143.50 -134.80       -0.45 38,999.00
190  2026-06-16 23:00:00  NAS100 30,143.20 30,247.60 30,122.90 30,172.50   29.00        0.10 37,508.00
191  2026-06-17 00:00:00  NAS100 30,172.40 30,196.75 30,080.00 30,153.45  -19.05       -0.06 35,653.00
192  2026-06-17 01:00:00  NAS100 30,153.40 30,172.50 30,100.90 30,119.00  -34.45       -0.11 33,851.00
193  2026-06-17 02:00:00  NAS100 30,119.50 30,156.40 29,978.90 29,985.90 -133.10       -0.44 37,438.00
194  2026-06-17 03:00:00  NAS100 29,986.70 30,006.85 29,951.30 29,977.20   -8.70       -0.03 21,454.00
195  2026-06-17 05:00:00  NAS100 29,996.10 30,058.60 29,996.10 30,049.50   72.30        0.24 10,955.00
196  2026-06-17 06:00:00  NAS100 30,049.70 30,050.95 29,979.90 30,000.10  -49.40       -0.16 13,924.00
197  2026-06-17 07:00:00  NAS100 30,000.60 30,072.45 30,000.60 30,053.80   53.70        0.18 27,162.00
198  2026-06-17 08:00:00  NAS100 30,054.00 30,119.70 30,038.05 30,117.20   63.40        0.21 22,046.00
199  2026-06-17 09:00:00  NAS100 30,117.10 30,132.95 30,104.85 30,118.00    0.80        0.00 13,524.00

==================================================
      HOÀN THÀNH PHÂN TÍCH          
==================================================
