
  ╭──────────────────────────────────────────────────────────╮
  │  ⚠️  VNSTOCK DEPRECATION NOTICE (31/08/2025)             │
  │                                                          │
  │  Lớp Vnstock và các phương thức cũ (stock, fx, crypto,   │
  │  world_index, fund...) đã chính thức bị ngừng hỗ trợ.    │
  │                                                          │
  │  Để hệ thống ổn định và nhận được cập nhật mới nhất,     │
  │  vui lòng chuyển sang dùng bộ thư viện `vnstock.api`.    │
  │                                                          │
  │  👉 Xem hướng dẫn Migration: /vnstock-migration          │
  ╰──────────────────────────────────────────────────────────╯

Mẫu code chuyển đổi (Migration Example):
--------------------------------------
Cũ (Old):  stock = Vnstock().stock('ACB')
Mới (New): from vnstock.api.quote import Quote
          q = Quote(symbol='ACB', source='VCI')

==================================================
      VNSTOCK 4.x OPTIMIZED ANALYZER
      Danh sách: NAS100
      Khung: 1D, Số lượng: 200
==================================================

==================================================
      PHÂN TÍCH MÃ: NAS100 (Nasdaq 100 Futures) 
      Khung thời gian: 1D
==================================================

--- [ LỊCH SỬ GIÁ NAS100  ] ---
           time  symbol      open      high       low     close    change  pct_change   volume
0    2025-08-20  NAS100 23,461.00 23,485.50 23,035.00 23,324.00   -145.50       -0.62   713574
1    2025-08-21  NAS100 23,323.00 23,369.25 23,119.00 23,219.75   -104.25       -0.45   525924
2    2025-08-22  NAS100 23,225.25 23,650.00 23,076.75 23,569.75    350.00        1.51   490867
3    2025-08-25  NAS100 23,602.00 23,616.25 23,443.25 23,498.25    -71.50       -0.30   399485
4    2025-08-26  NAS100 23,505.75 23,611.00 23,371.50 23,591.50     93.25        0.40   443746
5    2025-08-27  NAS100 23,604.00 23,689.00 23,434.75 23,628.75     37.25        0.16   436560
6    2025-08-28  NAS100 23,542.25 23,803.75 23,487.50 23,769.00    140.25        0.59   486265
7    2025-08-29  NAS100 23,760.50 23,762.00 23,397.50 23,461.75   -307.25       -1.29        0
8    2025-09-02  NAS100 23,479.00 23,552.50 23,025.25 23,275.00   -186.75       -0.80   744115
9    2025-09-03  NAS100 23,382.00 23,525.25 23,298.25 23,448.75    173.75        0.75   563651
10   2025-09-04  NAS100 23,456.75 23,708.75 23,410.00 23,668.00    219.25        0.94   484986
11   2025-09-05  NAS100 23,700.00 23,902.00 23,505.00 23,684.00     16.00        0.07   674088
12   2025-09-08  NAS100 23,673.50 23,888.00 23,650.25 23,799.75    115.75        0.49   457632
13   2025-09-09  NAS100 23,799.00 23,921.25 23,726.00 23,874.00     74.25        0.31   473187
14   2025-09-10  NAS100 23,898.50 24,044.25 23,785.00 23,877.75      3.75        0.02   521709
15   2025-09-11  NAS100 23,853.75 24,046.00 23,838.00 24,017.75    140.00        0.59   445071
16   2025-09-12  NAS100 24,028.25 24,159.00 23,969.00 24,113.25     95.50        0.40   425565
17   2025-09-15  NAS100 24,115.25 24,315.50 24,076.00 24,309.25    196.00        0.81   366064
18   2025-09-16  NAS100 24,290.00 24,403.50 24,258.25 24,284.00    -25.25       -0.10   211077
19   2025-09-17  NAS100 24,290.00 24,312.50 24,003.75 24,222.50    -61.50       -0.25   171533
20   2025-09-18  NAS100 24,250.25 24,569.50 24,248.50 24,460.25    237.75        0.98   106669
21   2025-09-19  NAS100 24,468.25 24,575.00 24,412.50 24,568.07    107.82        0.44   505600
22   2025-09-22  NAS100 24,850.00 25,027.25 24,748.75 25,003.00    434.93        1.77   481197
23   2025-09-23  NAS100 24,995.00 25,026.00 24,780.50 24,827.25   -175.75       -0.70   564182
24   2025-09-24  NAS100 24,839.50 24,913.50 24,627.00 24,739.25    -88.00       -0.35   530441
25   2025-09-25  NAS100 24,746.00 24,793.50 24,422.50 24,629.25   -110.00       -0.44   710112
26   2025-09-26  NAS100 24,642.50 24,747.50 24,520.00 24,726.75     97.50        0.40   548790
27   2025-09-29  NAS100 24,726.50 24,975.50 24,721.75 24,837.75    111.00        0.45   508361
28   2025-09-30  NAS100 24,817.75 24,913.75 24,722.25 24,901.75     64.00        0.26   513254
29   2025-10-01  NAS100 24,843.00 25,036.75 24,633.25 25,017.50    115.75        0.46   474674
30   2025-10-02  NAS100 25,009.25 25,180.00 24,993.75 25,110.00     92.50        0.37   460294
31   2025-10-03  NAS100 25,101.50 25,196.50 24,923.25 24,992.00   -118.00       -0.47   490721
32   2025-10-06  NAS100 25,000.00 25,252.75 24,995.00 25,184.75    192.75        0.77   414908
33   2025-10-07  NAS100 25,184.50 25,275.00 24,984.75 25,039.25   -145.50       -0.58   539431
34   2025-10-08  NAS100 25,059.75 25,364.75 25,026.25 25,331.00    291.75        1.17   451309
35   2025-10-09  NAS100 25,351.50 25,394.00 25,160.75 25,289.25    -41.75       -0.16   500933
36   2025-10-10  NAS100 25,287.75 25,388.00 24,158.50 24,397.00   -892.25       -3.53   934374
37   2025-10-13  NAS100 24,542.00 24,965.00 24,542.00 24,922.25    525.25        2.15   934374
38   2025-10-14  NAS100 24,913.75 25,044.25 24,421.00 24,762.50   -159.75       -0.64   729059
39   2025-10-15  NAS100 24,754.00 25,115.00 24,663.25 24,924.50    162.00        0.65   637036
40   2025-10-16  NAS100 24,937.00 25,179.50 24,643.50 24,831.25    -93.25       -0.37   738759
41   2025-10-17  NAS100 24,793.75 25,055.75 24,410.00 24,986.50    155.25        0.63   743681
42   2025-10-20  NAS100 25,065.75 25,354.50 24,955.75 25,305.25    318.75        1.28   437206
43   2025-10-21  NAS100 25,326.75 25,368.00 25,203.25 25,294.75    -10.50       -0.04   441490
44   2025-10-22  NAS100 25,283.75 25,338.25 24,804.75 25,039.25   -255.50       -1.01   695128
45   2025-10-23  NAS100 25,012.25 25,296.00 24,937.00 25,254.00    214.75        0.86   527352
46   2025-10-24  NAS100 25,283.25 25,570.75 25,276.00 25,509.25    255.25        1.01   467727
47   2025-10-27  NAS100 25,723.50 26,013.50 25,700.00 25,963.75    454.50        1.78   435230
48   2025-10-28  NAS100 26,002.50 26,231.50 25,943.00 26,163.50    199.75        0.77   452121
49   2025-10-29  NAS100 26,179.75 26,379.75 26,049.25 26,262.50     99.00        0.38   557797
50   2025-10-30  NAS100 26,154.50 26,399.00 25,853.00 25,882.75   -379.75       -1.45   665782
51   2025-10-31  NAS100 26,150.50 26,274.00 25,888.75 26,004.00    121.25        0.47   597984
52   2025-11-03  NAS100 26,028.25 26,266.00 26,012.75 26,103.25     99.25        0.38        0
53   2025-11-04  NAS100 26,104.50 26,104.50 25,522.75 25,575.25   -528.00       -2.02   669483
54   2025-11-05  NAS100 25,545.00 25,880.00 25,282.00 25,746.25    171.00        0.67   618171
55   2025-11-06  NAS100 25,738.50 25,822.25 25,197.75 25,244.25   -502.00       -1.95   754444
56   2025-11-07  NAS100 25,314.75 25,354.75 24,709.25 25,166.25    -78.00       -0.31   765092
57   2025-11-10  NAS100 25,320.75 25,760.50 25,269.00 25,714.50    548.25        2.18   626203
58   2025-11-11  NAS100 25,722.25 25,768.75 25,478.50 25,640.75    -73.75       -0.29   537967
59   2025-11-12  NAS100 25,668.00 25,830.00 25,488.75 25,623.75    -17.00       -0.07   606259
60   2025-11-13  NAS100 25,624.00 25,721.50 25,002.50 25,094.75   -529.00       -2.06   775125
61   2025-11-14  NAS100 25,095.25 25,293.25 24,626.00 25,094.00     -0.75       -0.00   862322
62   2025-11-17  NAS100 25,142.25 25,361.25 24,731.75 24,879.00   -215.00       -0.86   738978
63   2025-11-18  NAS100 24,905.50 24,959.50 24,376.25 24,595.75   -283.25       -1.14   871074
64   2025-11-19  NAS100 24,551.00 24,988.00 24,445.00 24,721.75    126.00        0.51   770449
65   2025-11-20  NAS100 24,966.75 25,310.00 24,073.25 24,131.50   -590.25       -2.39   995836
66   2025-11-21  NAS100 24,110.00 24,596.25 23,904.50 24,305.50    174.00        0.72   918728
67   2025-11-24  NAS100 24,455.75 24,993.50 24,361.75 24,948.25    642.75        2.64   604148
68   2025-11-25  NAS100 24,966.25 25,135.25 24,602.00 25,085.50    137.25        0.55   629575
69   2025-11-26  NAS100 25,071.25 25,376.00 25,061.25 25,302.25    216.75        0.86   522196
70   2025-11-28  NAS100 25,313.00 25,499.75 25,285.75 25,482.00    179.75        0.71   199445
71   2025-12-01  NAS100 25,482.50 25,546.00 25,193.25 25,391.25    -90.75       -0.36   574734
72   2025-12-02  NAS100 25,411.50 25,670.00 25,324.75 25,606.00    214.75        0.85   561951
73   2025-12-03  NAS100 25,611.00 25,685.25 25,421.50 25,657.50     51.50        0.20   494194
74   2025-12-04  NAS100 25,650.25 25,732.50 25,488.75 25,622.75    -34.75       -0.14   509526
75   2025-12-05  NAS100 25,629.75 25,868.00 25,579.75 25,732.00    109.25        0.43   498264
76   2025-12-08  NAS100 25,750.00 25,860.75 25,564.75 25,664.00    -68.00       -0.26   473150
77   2025-12-09  NAS100 25,713.00 25,735.75 25,560.00 25,699.75     35.75        0.14   407387
78   2025-12-10  NAS100 25,680.00 25,870.75 25,528.75 25,798.00     98.25        0.38   556710
79   2025-12-11  NAS100 25,769.50 25,861.50 25,383.00 25,713.50    -84.50       -0.33   637723
80   2025-12-12  NAS100 25,701.00 25,733.25 25,118.00 25,213.50   -500.00       -1.94   760749
81   2025-12-15  NAS100 25,223.50 25,410.00 25,033.25 25,093.25   -120.25       -0.48   448073
82   2025-12-16  NAS100 25,101.25 25,202.50 24,828.00 25,139.00     45.75        0.18   247876
83   2025-12-17  NAS100 25,091.75 25,266.00 24,654.50 24,668.75   -470.25       -1.87   139991
84   2025-12-18  NAS100 24,744.00 25,178.00 24,675.50 25,028.25    359.50        1.46   111598
85   2025-12-19  NAS100 25,002.50 25,160.00 24,977.50 25,132.79    104.54        0.42   502611
86   2025-12-22  NAS100 25,635.25 25,794.75 25,628.00 25,692.25    559.46        2.23   367322
87   2025-12-23  NAS100 25,701.00 25,822.50 25,608.25 25,812.25    120.00        0.47   336346
88   2025-12-24  NAS100 25,815.75 25,892.00 25,777.50 25,880.50     68.25        0.26   163037
89   2025-12-26  NAS100 25,868.00 25,935.25 25,834.25 25,863.25    -17.25       -0.07   240485
90   2025-12-29  NAS100 25,863.25 25,893.75 25,648.00 25,739.75   -123.50       -0.48   347055
91   2025-12-30  NAS100 25,740.00 25,793.75 25,668.25 25,675.25    -64.50       -0.25   300558
92   2025-12-31  NAS100 25,683.25 25,716.75 25,429.00 25,456.75   -218.50       -0.85   329352
93   2026-01-02  NAS100 25,478.50 25,803.75 25,265.25 25,385.25    -71.50       -0.28   554838
94   2026-01-05  NAS100 25,431.75 25,708.00 25,406.50 25,577.75    192.50        0.76   461305
95   2026-01-06  NAS100 25,583.00 25,837.75 25,527.50 25,822.00    244.25        0.95   445573
96   2026-01-07  NAS100 25,831.25 25,996.25 25,727.00 25,838.75     16.75        0.06   477861
97   2026-01-08  NAS100 25,838.75 25,849.75 25,569.00 25,687.50   -151.25       -0.59   510805
98   2026-01-09  NAS100 25,725.00 25,985.50 25,615.50 25,938.25    250.75        0.98   509669
99   2026-01-12  NAS100 25,949.00 26,020.50 25,632.75 25,956.75     18.50        0.07   452996
100  2026-01-13  NAS100 25,953.50 26,045.50 25,803.25 25,906.00    -50.75       -0.20   560438
101  2026-01-14  NAS100 25,900.75 25,925.75 25,420.75 25,631.00   -275.00       -1.06   647871
102  2026-01-15  NAS100 25,593.00 25,952.75 25,562.50 25,705.75     74.75        0.29   591058
103  2026-01-16  NAS100 25,720.50 25,891.00 25,591.50 25,689.00    -16.75       -0.07   490573
104  2026-01-20  NAS100 25,471.00 25,472.00 25,095.25 25,129.25   -559.75       -2.18   864568
105  2026-01-21  NAS100 25,149.50 25,653.50 25,025.00 25,471.00    341.75        1.36   810753
106  2026-01-22  NAS100 25,529.50 25,739.75 25,483.75 25,658.25    187.25        0.74   533607
107  2026-01-23  NAS100 25,605.00 25,845.75 25,540.25 25,738.25     80.00        0.31   504901
108  2026-01-26  NAS100 25,585.50 25,936.50 25,365.25 25,848.50    110.25        0.43   450290
109  2026-01-27  NAS100 25,861.25 26,118.00 25,838.50 26,073.00    224.50        0.87   429460
110  2026-01-28  NAS100 26,111.25 26,349.00 25,993.25 26,156.25     83.25        0.32   511937
111  2026-01-29  NAS100 26,282.50 26,296.00 25,536.00 25,999.25   -157.00       -0.60   699097
112  2026-01-30  NAS100 25,998.50 26,020.00 25,568.75 25,670.00   -329.25       -1.27   712197
113  2026-02-02  NAS100 25,530.00 25,949.50 25,180.25 25,850.00    180.00        0.70   578865
114  2026-02-03  NAS100 25,876.50 26,027.75 25,219.00 25,452.00   -398.00       -1.54   696150
115  2026-02-04  NAS100 25,387.50 25,514.25 24,783.50 24,999.25   -452.75       -1.78   742646
116  2026-02-05  NAS100 25,061.75 25,169.00 24,407.25 24,651.00   -348.25       -1.39   774469
117  2026-02-06  NAS100 24,416.00 25,222.00 24,239.75 25,163.25    512.25        2.08   653956
118  2026-02-09  NAS100 25,153.75 25,428.75 24,955.50 25,354.00    190.75        0.76   492306
119  2026-02-10  NAS100 25,363.00 25,447.25 25,198.25 25,218.25   -135.75       -0.54   477554
120  2026-02-11  NAS100 25,259.00 25,465.25 25,058.25 25,288.50     70.25        0.28   531730
121  2026-02-12  NAS100 25,289.00 25,419.75 24,721.50 24,768.00   -520.50       -2.06   668338
122  2026-02-13  NAS100 24,842.25 24,995.50 24,578.75 24,803.25     35.25        0.14   688226
123  2026-02-17  NAS100 24,789.75 24,922.25 24,449.25 24,767.75    -35.50       -0.14   752646
124  2026-02-18  NAS100 24,773.75 25,128.25 24,700.75 24,956.00    188.25        0.76   540796
125  2026-02-19  NAS100 24,943.50 25,054.00 24,749.00 24,858.75    -97.25       -0.39   515038
126  2026-02-20  NAS100 24,837.75 25,139.50 24,678.50 25,067.50    208.75        0.84   615358
127  2026-02-23  NAS100 25,033.75 25,059.75 24,668.00 24,762.75   -304.75       -1.22   594568
128  2026-02-24  NAS100 24,788.00 25,078.75 24,694.50 25,028.75    266.00        1.07   520239
129  2026-02-25  NAS100 25,016.25 25,494.75 24,992.00 25,382.00    353.25        1.41   417621
130  2026-02-26  NAS100 25,388.25 25,418.25 24,861.75 25,081.00   -301.00       -1.19   605581
131  2026-02-27  NAS100 25,024.25 25,098.75 24,782.00 25,004.75    -76.25       -0.30   561211
132  2026-03-02  NAS100 24,682.50 25,101.00 24,477.00 25,025.25     20.50        0.08   627650
133  2026-03-03  NAS100 25,002.75 25,011.00 24,352.00 24,755.75   -269.50       -1.08   719421
134  2026-03-04  NAS100 24,710.75 25,217.75 24,499.00 25,128.25    372.50        1.50   603596
135  2026-03-05  NAS100 25,156.50 25,250.00 24,772.50 25,049.50    -78.75       -0.31   683962
136  2026-03-06  NAS100 25,019.75 25,141.50 24,601.00 24,670.25   -379.25       -1.51   645082
137  2026-03-09  NAS100 24,435.25 25,058.00 24,000.00 24,991.00    320.75        1.30   708630
138  2026-03-10  NAS100 24,981.50 25,217.50 24,830.00 24,982.50     -8.50       -0.03   564644
139  2026-03-11  NAS100 25,010.25 25,180.00 24,873.50 24,983.50      1.00        0.00   476593
140  2026-03-12  NAS100 24,934.50 24,949.25 24,517.75 24,560.00   -423.50       -1.70   565145
141  2026-03-13  NAS100 24,567.00 24,805.25 24,333.75 24,394.25   -165.75       -0.67   609146
142  2026-03-16  NAS100 24,285.00 24,816.25 24,278.00 24,675.75    281.50        1.15   413547
143  2026-03-17  NAS100 24,668.75 24,896.00 24,517.00 24,795.50    119.75        0.49   204810
144  2026-03-18  NAS100 24,796.00 24,989.00 24,350.00 24,434.50   -361.00       -1.46   126918
145  2026-03-19  NAS100 24,399.75 24,505.25 24,115.00 24,364.00    -70.50       -0.29    69553
146  2026-03-20  NAS100 24,417.25 24,444.00 24,108.75 24,291.78    -72.22       -0.30   611673
147  2026-03-23  NAS100 23,902.00 24,763.00 23,772.50 24,408.25    116.47        0.48   683625
148  2026-03-24  NAS100 24,417.25 24,550.00 24,134.00 24,213.75   -194.50       -0.80   544209
149  2026-03-25  NAS100 24,420.00 24,539.75 24,286.50 24,367.75    154.00        0.64   525449
150  2026-03-26  NAS100 24,373.50 24,421.25 23,763.25 23,794.25   -573.50       -2.35   557306
151  2026-03-27  NAS100 23,824.00 23,976.00 23,232.50 23,328.50   -465.75       -1.96   559271
152  2026-03-30  NAS100 23,189.50 23,574.00 23,024.50 23,139.75   -188.75       -0.81   559453
153  2026-03-31  NAS100 23,119.50 23,975.25 22,961.50 23,915.00    775.25        3.35   755160
154  2026-04-01  NAS100 23,889.00 24,348.25 23,880.00 24,194.75    279.75        1.17   579693
155  2026-04-02  NAS100 24,180.00 24,266.75 23,666.00 24,218.00     23.25        0.10   576893
156  2026-04-06  NAS100 24,093.50 24,452.25 23,981.50 24,358.50    140.50        0.58   444473
157  2026-04-07  NAS100 24,348.75 24,451.50 23,941.50 24,371.00     12.50        0.05   575961
158  2026-04-08  NAS100 24,514.00 25,257.00 24,355.00 25,074.25    703.25        2.89   644388
159  2026-04-09  NAS100 25,037.75 25,269.75 24,953.00 25,251.50    177.25        0.71   514186
160  2026-04-10  NAS100 25,237.00 25,393.00 25,193.00 25,281.25     29.75        0.12   430719
161  2026-04-13  NAS100 24,980.00 25,599.25 24,904.50 25,543.50    262.25        1.04   507117
162  2026-04-14  NAS100 25,575.25 26,003.25 25,560.00 25,996.75    453.25        1.77   477724
163  2026-04-15  NAS100 25,985.75 26,377.50 25,933.75 26,365.50    368.75        1.42   521771
164  2026-04-16  NAS100 26,350.00 26,564.00 26,275.50 26,487.25    121.75        0.46   590117
165  2026-04-17  NAS100 26,460.00 26,884.75 26,440.00 26,825.50    338.25        1.28   599136
166  2026-04-20  NAS100 26,599.75 26,827.75 26,535.00 26,748.75    -76.75       -0.29   502901
167  2026-04-21  NAS100 26,776.75 26,901.75 26,551.75 26,634.75   -114.00       -0.43   610696
168  2026-04-22  NAS100 26,729.50 27,136.00 26,727.75 27,083.00    448.25        1.68   512026
169  2026-04-23  NAS100 27,075.00 27,155.75 26,681.75 26,934.00   -149.00       -0.55   644095
170  2026-04-24  NAS100 26,992.00 27,462.50 26,992.00 27,435.00    501.00        1.86   545525
171  2026-04-27  NAS100 27,403.25 27,542.50 27,298.50 27,440.50      5.50        0.02   444514
172  2026-04-28  NAS100 27,423.00 27,512.00 27,009.50 27,168.75   -271.75       -0.99   603738
173  2026-04-29  NAS100 27,197.25 27,414.00 27,094.00 27,325.25    156.50        0.58   516846
174  2026-04-30  NAS100 27,207.00 27,622.75 27,163.25 27,596.00    270.75        0.99   701348
175  2026-05-01  NAS100 27,631.75 27,917.00 27,536.25 27,835.75    239.75        0.87   509821
176  2026-05-04  NAS100 27,890.00 27,965.75 27,613.00 27,776.00    -59.75       -0.21   576727
177  2026-05-05  NAS100 27,760.00 28,247.00 27,731.75 28,136.00    360.00        1.30   458058
178  2026-05-06  NAS100 28,250.00 28,800.00 28,243.00 28,716.75    580.75        2.06   637911
179  2026-05-07  NAS100 28,662.75 28,944.75 28,552.00 28,682.25    -34.50       -0.12   657049
180  2026-05-08  NAS100 28,582.00 29,386.75 28,541.00 29,332.50    650.25        2.27   543817
181  2026-05-11  NAS100 29,294.00 29,480.00 29,225.75 29,424.00     91.50        0.31   558723
182  2026-05-12  NAS100 29,399.00 29,455.75 28,742.00 29,170.00   -254.00       -0.86   719824
183  2026-05-13  NAS100 29,143.75 29,565.50 29,055.50 29,479.25    309.25        1.06   570739
184  2026-05-14  NAS100 29,537.00 29,782.00 29,448.25 29,687.75    208.50        0.71   611771
185  2026-05-15  NAS100 29,690.00 29,734.00 29,089.75 29,231.75   -456.00       -1.54   750779
186  2026-05-18  NAS100 29,135.00 29,419.75 28,814.75 29,096.00   -135.75       -0.46   854443
187  2026-05-19  NAS100 29,100.00 29,188.50 28,663.00 28,924.25   -171.75       -0.59   717466
188  2026-05-20  NAS100 28,929.75 29,397.50 28,797.25 29,390.50    466.25        1.61   606377
189  2026-05-21  NAS100 29,253.00 29,554.00 29,113.00 29,447.25     56.75        0.19   612220
190  2026-05-22  NAS100 29,444.00 29,749.00 29,436.00 29,558.75    111.50        0.38   495134
191  2026-05-26  NAS100 29,676.25 30,118.75 29,676.25 30,073.50    514.75        1.74   668516
192  2026-05-27  NAS100 30,050.00 30,379.00 29,877.50 30,047.25    -26.25       -0.09   637375
193  2026-05-28  NAS100 30,120.00 30,344.50 29,763.00 30,307.00    259.75        0.86   564551
194  2026-05-29  NAS100 30,328.00 30,536.00 30,216.50 30,405.25     98.25        0.32   578992
195  2026-06-01  NAS100 30,415.50 30,693.00 30,291.50 30,566.25    161.00        0.53   568793
196  2026-06-02  NAS100 30,544.75 30,763.25 30,317.75 30,712.75    146.50        0.48   525212
197  2026-06-03  NAS100 30,741.75 30,807.75 30,478.25 30,633.25    -79.50       -0.26   638765
198  2026-06-04  NAS100 30,453.00 30,603.25 30,151.00 30,488.25   -145.00       -0.47   684303
199  2026-06-05  NAS100 30,414.00 30,422.00 28,781.25 28,829.25 -1,659.00       -5.44  1007285

==================================================
      HOÀN THÀNH PHÂN TÍCH          
==================================================
