
  ╭──────────────────────────────────────────────────────────╮
  │  ⚠️  VNSTOCK DEPRECATION NOTICE (31/08/2025)             │
  │                                                          │
  │  Lớp Vnstock và các phương thức cũ (stock, fx, crypto,   │
  │  world_index, fund...) đã chính thức bị ngừng hỗ trợ.    │
  │                                                          │
  │  Để hệ thống ổn định và nhận được cập nhật mới nhất,     │
  │  vui lòng chuyển sang dùng bộ thư viện `vnstock.api`.    │
  │                                                          │
  │  👉 Xem hướng dẫn Migration: /vnstock-migration          │
  ╰──────────────────────────────────────────────────────────╯

Mẫu code chuyển đổi (Migration Example):
--------------------------------------
Cũ (Old):  stock = Vnstock().stock('ACB')
Mới (New): from vnstock.api.quote import Quote
          q = Quote(symbol='ACB', source='VCI')

==================================================
      VNSTOCK 4.x OPTIMIZED ANALYZER
      Danh sách: NAS100
      Khung: 4H, Số lượng: 500
==================================================

==================================================
      PHÂN TÍCH MÃ: NAS100 (Nasdaq 100 CFD (BlackBull)) 
      Khung thời gian: 4H
==================================================

--- [ LỊCH SỬ GIÁ NAS100  ] ---
                    time  symbol      open      high       low     close  change  pct_change     volume
0    2026-02-26 14:00:00  NAS100 25,277.10 25,351.40 25,276.50 25,306.70   29.30        0.12  33,865.00
1    2026-02-26 18:00:00  NAS100 25,307.00 25,364.90 25,133.60 25,143.00 -163.70       -0.65  48,112.00
2    2026-02-26 22:00:00  NAS100 25,142.90 25,158.20 24,813.70 24,953.30 -189.70       -0.75 111,995.00
3    2026-02-27 02:00:00  NAS100 24,952.00 25,050.80 24,942.20 24,981.00   27.70        0.11  48,923.00
4    2026-02-27 06:00:00  NAS100 24,960.40 24,985.85 24,904.20 24,980.70   -0.30       -0.00  40,278.00
5    2026-02-27 10:00:00  NAS100 24,981.00 25,009.20 24,941.30 24,980.40   -0.30       -0.00  27,432.00
6    2026-02-27 14:00:00  NAS100 24,980.50 25,047.60 24,915.80 24,949.60  -30.80       -0.12  45,109.00
7    2026-02-27 18:00:00  NAS100 24,950.30 24,961.40 24,737.90 24,836.50 -113.10       -0.45  79,383.00
8    2026-02-27 22:00:00  NAS100 24,834.60 24,991.40 24,822.00 24,857.60   21.10        0.08 112,288.00
9    2026-02-28 02:00:00  NAS100 24,857.70 24,977.00 24,829.60 24,908.30   50.70        0.20  55,569.00
10   2026-03-02 06:00:00  NAS100 24,610.40 24,857.40 24,610.40 24,777.70 -130.60       -0.52  73,997.00
11   2026-03-02 10:00:00  NAS100 24,778.40 24,792.20 24,493.50 24,547.10 -230.60       -0.93  52,974.00
12   2026-03-02 14:00:00  NAS100 24,545.90 24,641.20 24,435.00 24,614.60   67.50        0.27  77,110.00
13   2026-03-02 18:00:00  NAS100 24,614.70 24,856.90 24,552.90 24,817.00  202.40        0.82  80,575.00
14   2026-03-02 22:00:00  NAS100 24,817.50 25,037.10 24,761.50 24,933.20  116.20        0.47 108,478.00
15   2026-03-03 02:00:00  NAS100 24,933.30 25,061.00 24,909.40 24,952.70   19.50        0.08  59,003.00
16   2026-03-03 06:00:00  NAS100 24,957.95 24,969.25 24,768.10 24,820.40 -132.30       -0.53  65,879.00
17   2026-03-03 10:00:00  NAS100 24,820.50 24,842.50 24,698.00 24,712.90 -107.50       -0.43  70,136.00
18   2026-03-03 14:00:00  NAS100 24,713.00 24,726.10 24,349.30 24,407.60 -305.30       -1.24  94,308.00
19   2026-03-03 18:00:00  NAS100 24,407.10 24,624.80 24,326.50 24,455.40   47.80        0.20 103,238.00
20   2026-03-03 22:00:00  NAS100 24,455.90 24,798.80 24,318.20 24,767.20  311.80        1.27 134,646.00
21   2026-03-04 02:00:00  NAS100 24,767.70 24,817.10 24,649.00 24,665.20 -102.00       -0.41  70,864.00
22   2026-03-04 06:00:00  NAS100 24,669.15 24,764.70 24,552.10 24,599.10  -66.10       -0.27  86,957.00
23   2026-03-04 10:00:00  NAS100 24,600.10 24,606.40 24,461.60 24,533.40  -65.70       -0.27  90,633.00
24   2026-03-04 14:00:00  NAS100 24,530.10 24,827.80 24,499.20 24,809.90  276.50        1.13  85,862.00
25   2026-03-04 18:00:00  NAS100 24,810.30 24,934.00 24,688.10 24,887.70   77.80        0.31  89,241.00
26   2026-03-04 22:00:00  NAS100 24,897.50 25,183.70 24,860.00 25,162.50  274.80        1.10 102,255.00
27   2026-03-05 02:00:00  NAS100 25,162.60 25,186.70 25,064.20 25,106.70  -55.80       -0.22  45,809.00
28   2026-03-05 06:00:00  NAS100 25,115.95 25,202.25 25,003.30 25,049.70  -57.00       -0.23  65,397.00
29   2026-03-05 10:00:00  NAS100 25,050.10 25,065.10 24,940.00 25,051.00    1.30        0.01  67,783.00
30   2026-03-05 14:00:00  NAS100 25,050.60 25,164.10 24,931.60 25,065.40   14.40        0.06  77,642.00
31   2026-03-05 18:00:00  NAS100 25,067.00 25,145.90 24,922.00 25,144.90   79.50        0.32  84,280.00
32   2026-03-05 22:00:00  NAS100 25,144.40 25,165.00 24,733.60 24,774.20 -370.70       -1.47 133,578.00
33   2026-03-06 02:00:00  NAS100 24,773.00 25,014.50 24,752.40 24,970.60  196.40        0.79  71,031.00
34   2026-03-06 06:00:00  NAS100 24,981.55 25,079.10 24,965.65 25,033.20   62.60        0.25  57,165.00
35   2026-03-06 10:00:00  NAS100 25,033.40 25,104.40 25,033.40 25,068.80   35.60        0.14  38,368.00
36   2026-03-06 14:00:00  NAS100 25,069.30 25,102.90 24,846.00 24,911.10 -157.70       -0.63  70,169.00
37   2026-03-06 18:00:00  NAS100 24,911.20 24,925.40 24,573.20 24,653.90 -257.20       -1.03  97,980.00
38   2026-03-06 22:00:00  NAS100 24,652.10 24,882.90 24,628.30 24,763.30  109.40        0.44 131,522.00
39   2026-03-07 02:00:00  NAS100 24,763.60 24,816.10 24,568.60 24,624.50 -138.80       -0.56  72,987.00
40   2026-03-09 05:00:00  NAS100 24,399.85 24,442.65 23,975.80 23,978.40 -646.10       -2.62  86,859.00
41   2026-03-09 09:00:00  NAS100 23,981.80 24,228.40 23,970.90 24,228.40  250.00        1.04  84,642.00
42   2026-03-09 13:00:00  NAS100 24,227.30 24,465.20 24,181.00 24,390.90  162.50        0.67  94,379.00
43   2026-03-09 17:00:00  NAS100 24,390.60 24,493.60 24,284.50 24,341.00  -49.90       -0.20  96,849.00
44   2026-03-09 21:00:00  NAS100 24,336.40 24,723.00 24,295.70 24,585.50  244.50        1.00 118,500.00
45   2026-03-10 01:00:00  NAS100 24,585.80 25,028.00 24,583.90 24,933.50  348.00        1.42  76,252.00
46   2026-03-10 05:00:00  NAS100 24,940.25 24,967.50 24,803.55 24,957.70   24.20        0.10  64,240.00
47   2026-03-10 09:00:00  NAS100 24,957.00 24,968.80 24,824.80 24,926.70  -31.00       -0.12  64,336.00
48   2026-03-10 13:00:00  NAS100 24,927.30 25,116.20 24,909.80 25,060.20  133.50        0.54  70,360.00
49   2026-03-10 17:00:00  NAS100 25,060.70 25,075.30 24,863.40 24,933.30 -126.90       -0.51  90,856.00
50   2026-03-10 21:00:00  NAS100 24,934.40 25,186.90 24,864.50 25,139.70  206.40        0.83 110,869.00
51   2026-03-11 01:00:00  NAS100 25,139.60 25,150.30 24,910.80 24,980.20 -159.50       -0.63  75,759.00
52   2026-03-11 05:00:00  NAS100 24,980.85 25,067.50 24,922.35 25,061.20   81.00        0.32  37,237.00
53   2026-03-11 09:00:00  NAS100 25,061.30 25,093.00 24,995.80 24,999.90  -61.30       -0.24  26,171.00
54   2026-03-11 13:00:00  NAS100 24,999.50 25,022.90 24,868.90 24,871.60 -128.30       -0.51  60,251.00
55   2026-03-11 17:00:00  NAS100 24,870.90 25,083.80 24,864.80 25,069.60  198.00        0.80  80,869.00
56   2026-03-11 21:00:00  NAS100 25,068.00 25,148.00 24,838.60 24,915.50 -154.10       -0.61 117,998.00
57   2026-03-12 01:00:00  NAS100 24,915.90 24,969.50 24,854.50 24,910.20   -5.30       -0.02  51,439.00
58   2026-03-12 05:00:00  NAS100 24,916.45 24,923.25 24,710.65 24,765.70 -144.50       -0.58  57,700.00
59   2026-03-12 09:00:00  NAS100 24,766.40 24,771.80 24,673.50 24,747.30  -18.40       -0.07  47,389.00
60   2026-03-12 13:00:00  NAS100 24,747.20 24,903.30 24,722.80 24,899.90  152.60        0.62  53,542.00
61   2026-03-12 17:00:00  NAS100 24,899.30 24,909.10 24,602.80 24,628.70 -271.20       -1.09  76,420.00
62   2026-03-12 21:00:00  NAS100 24,629.70 24,719.20 24,540.10 24,603.70  -25.00       -0.10 123,041.00
63   2026-03-13 01:00:00  NAS100 24,602.70 24,649.30 24,492.70 24,542.60  -61.10       -0.25  59,354.00
64   2026-03-13 05:00:00  NAS100 24,542.85 24,642.60 24,469.80 24,611.80   69.20        0.28  50,819.00
65   2026-03-13 09:00:00  NAS100 24,611.70 24,632.90 24,535.60 24,567.70  -44.10       -0.18  41,932.00
66   2026-03-13 13:00:00  NAS100 24,567.60 24,577.30 24,379.60 24,506.20  -61.50       -0.25  71,161.00
67   2026-03-13 17:00:00  NAS100 24,506.40 24,783.60 24,500.50 24,712.10  205.90        0.84  81,277.00
68   2026-03-13 21:00:00  NAS100 24,713.20 24,748.80 24,335.30 24,354.90 -357.20       -1.45 124,736.00
69   2026-03-14 01:00:00  NAS100 24,355.00 24,453.10 24,315.20 24,317.60  -37.30       -0.15  56,143.00
70   2026-03-16 05:00:00  NAS100 24,268.25 24,509.55 24,267.20 24,500.05  182.45        0.75  85,965.00
71   2026-03-16 09:00:00  NAS100 24,499.75 24,548.05 24,457.75 24,546.25   46.20        0.19  64,918.00
72   2026-03-16 13:00:00  NAS100 24,545.50 24,570.55 24,462.40 24,477.25  -69.00       -0.28  78,575.00
73   2026-03-16 17:00:00  NAS100 24,477.80 24,726.95 24,473.25 24,722.25  245.00        1.00  93,974.00
74   2026-03-16 21:00:00  NAS100 24,722.15 24,751.85 24,606.65 24,669.65  -52.60       -0.21 126,815.00
75   2026-03-17 01:00:00  NAS100 24,669.75 24,804.60 24,624.25 24,645.75  -23.90       -0.10  69,596.00
76   2026-03-17 05:00:00  NAS100 24,644.70 24,653.05 24,576.40 24,607.15  -38.60       -0.16  68,123.00
77   2026-03-17 09:00:00  NAS100 24,607.05 24,624.15 24,524.00 24,526.40  -80.75       -0.33  65,544.00
78   2026-03-17 13:00:00  NAS100 24,526.00 24,621.05 24,500.65 24,615.05   88.65        0.36  91,963.00
79   2026-03-17 17:00:00  NAS100 24,614.75 24,885.65 24,565.20 24,865.55  250.50        1.02  94,060.00
80   2026-03-17 21:00:00  NAS100 24,863.45 24,867.75 24,718.30 24,805.85  -59.70       -0.24 128,690.00
81   2026-03-18 01:00:00  NAS100 24,806.15 24,828.10 24,753.65 24,798.45   -7.40       -0.03  61,974.00
82   2026-03-18 05:00:00  NAS100 24,793.15 24,869.55 24,762.25 24,867.90   69.45        0.28  50,162.00
83   2026-03-18 09:00:00  NAS100 24,867.55 24,941.75 24,865.90 24,939.90   72.00        0.29  46,947.00
84   2026-03-18 13:00:00  NAS100 24,940.05 24,981.65 24,925.25 24,940.50    0.60        0.00  60,123.00
85   2026-03-18 17:00:00  NAS100 24,940.65 24,969.05 24,635.60 24,741.90 -198.60       -0.80 100,687.00
86   2026-03-18 21:00:00  NAS100 24,741.50 24,755.70 24,567.50 24,649.70  -92.20       -0.37 127,243.00
87   2026-03-19 01:00:00  NAS100 24,652.15 24,687.50 24,337.15 24,379.15 -270.55       -1.10  87,837.00
88   2026-03-19 05:00:00  NAS100 24,386.85 24,443.65 24,335.90 24,413.25   34.10        0.14  68,313.00
89   2026-03-19 09:00:00  NAS100 24,414.05 24,497.40 24,349.75 24,368.40  -44.85       -0.18  73,357.00
90   2026-03-19 13:00:00  NAS100 24,369.25 24,423.05 24,275.00 24,401.00   32.60        0.13 105,897.00
91   2026-03-19 17:00:00  NAS100 24,401.55 24,401.55 24,100.55 24,275.90 -125.10       -0.51 115,706.00
92   2026-03-19 21:00:00  NAS100 24,276.25 24,350.65 24,151.50 24,226.85  -49.05       -0.20 140,219.00
93   2026-03-20 01:00:00  NAS100 24,226.65 24,463.75 24,191.70 24,390.05  163.20        0.67  84,530.00
94   2026-03-20 05:00:00  NAS100 24,410.85 24,440.25 24,362.25 24,397.75    7.70        0.03  64,068.00
95   2026-03-20 09:00:00  NAS100 24,398.15 24,421.55 24,339.40 24,372.55  -25.20       -0.10  55,970.00
96   2026-03-20 13:00:00  NAS100 24,372.00 24,395.15 24,188.50 24,211.75 -160.80       -0.66  84,710.00
97   2026-03-20 17:00:00  NAS100 24,212.05 24,307.05 24,059.50 24,065.90 -145.85       -0.60 113,104.00
98   2026-03-20 21:00:00  NAS100 24,063.90 24,136.60 23,947.00 23,991.65  -74.25       -0.31 136,771.00
99   2026-03-21 01:00:00  NAS100 23,991.90 24,001.30 23,752.50 23,996.15    4.50        0.02  88,105.00
100  2026-03-23 05:00:00  NAS100 23,686.80 23,882.40 23,682.60 23,830.90 -165.25       -0.69 107,090.00
101  2026-03-23 09:00:00  NAS100 23,832.25 23,855.05 23,718.80 23,760.25  -70.65       -0.30  92,488.00
102  2026-03-23 13:00:00  NAS100 23,760.20 23,763.10 23,560.25 23,669.90  -90.35       -0.38 113,155.00
103  2026-03-23 17:00:00  NAS100 23,669.75 24,548.50 23,602.50 24,387.40  717.50        3.03 137,439.00
104  2026-03-23 21:00:00  NAS100 24,388.50 24,474.55 24,094.50 24,254.80 -132.60       -0.54 134,936.00
105  2026-03-24 01:00:00  NAS100 24,255.10 24,323.35 24,146.50 24,187.85  -66.95       -0.28  79,678.00
106  2026-03-24 05:00:00  NAS100 24,193.95 24,271.55 24,015.55 24,046.30 -141.55       -0.59  85,676.00
107  2026-03-24 09:00:00  NAS100 24,044.90 24,087.00 23,976.05 24,044.40   -1.90       -0.01  91,135.00
108  2026-03-24 13:00:00  NAS100 24,044.55 24,288.65 24,042.20 24,203.00  158.60        0.66 106,066.00
109  2026-03-24 17:00:00  NAS100 24,203.15 24,216.25 23,917.05 23,998.00 -205.00       -0.85 115,986.00
110  2026-03-24 21:00:00  NAS100 23,996.80 24,166.60 23,943.35 24,024.85   26.85        0.11 140,161.00
111  2026-03-25 01:00:00  NAS100 24,024.30 24,328.75 23,973.35 24,185.45  160.60        0.67  90,993.00
112  2026-03-25 05:00:00  NAS100 24,212.55 24,284.40 24,172.30 24,187.25    1.80        0.01  76,644.00
113  2026-03-25 09:00:00  NAS100 24,187.10 24,219.60 24,111.75 24,172.60  -14.65       -0.06  75,561.00
114  2026-03-25 13:00:00  NAS100 24,172.50 24,325.05 24,115.70 24,245.05   72.45        0.30  90,083.00
115  2026-03-25 17:00:00  NAS100 24,246.30 24,330.40 24,150.30 24,158.75  -86.30       -0.36 105,822.00
116  2026-03-25 21:00:00  NAS100 24,160.00 24,310.10 24,078.30 24,217.00   58.25        0.24 134,223.00
117  2026-03-26 01:00:00  NAS100 24,217.10 24,242.50 24,102.80 24,159.10  -57.90       -0.24  69,142.00
118  2026-03-26 05:00:00  NAS100 24,158.30 24,201.05 24,075.25 24,152.60   -6.50       -0.03  68,106.00
119  2026-03-26 09:00:00  NAS100 24,152.55 24,211.90 24,041.55 24,046.25 -106.35       -0.44  81,161.00
120  2026-03-26 13:00:00  NAS100 24,046.65 24,088.80 23,901.65 23,946.75  -99.50       -0.41  91,273.00
121  2026-03-26 17:00:00  NAS100 23,946.55 24,023.40 23,858.90 24,007.90   61.15        0.26  99,853.00
122  2026-03-26 21:00:00  NAS100 24,006.80 24,029.25 23,643.30 23,652.65 -355.25       -1.48 131,803.00
123  2026-03-27 01:00:00  NAS100 23,652.35 23,810.50 23,555.15 23,611.75  -40.90       -0.17  85,613.00
124  2026-03-27 05:00:00  NAS100 23,638.10 23,705.75 23,606.00 23,670.90   59.15        0.25  77,626.00
125  2026-03-27 09:00:00  NAS100 23,671.30 23,774.50 23,638.75 23,726.25   55.35        0.23  68,648.00
126  2026-03-27 13:00:00  NAS100 23,725.80 23,754.05 23,509.35 23,538.40 -187.85       -0.79  85,692.00
127  2026-03-27 17:00:00  NAS100 23,538.70 23,565.75 23,270.80 23,282.15 -256.25       -1.09 105,525.00
128  2026-03-27 21:00:00  NAS100 23,283.00 23,407.75 23,145.65 23,160.15 -122.00       -0.52 133,070.00
129  2026-03-28 01:00:00  NAS100 23,159.35 23,194.70 23,032.50 23,051.75 -108.40       -0.47  79,741.00
130  2026-03-30 05:00:00  NAS100 22,993.60 23,078.90 22,910.90 23,017.60  -34.15       -0.15 102,834.00
131  2026-03-30 09:00:00  NAS100 23,017.65 23,175.80 23,010.90 23,162.40  144.80        0.63  83,222.00
132  2026-03-30 13:00:00  NAS100 23,162.25 23,265.75 23,154.15 23,219.25   56.85        0.25  87,465.00
133  2026-03-30 17:00:00  NAS100 23,219.65 23,375.45 23,109.55 23,119.05 -100.20       -0.43  98,493.00
134  2026-03-30 21:00:00  NAS100 23,118.65 23,251.00 22,986.35 23,027.35  -91.70       -0.40 135,942.00
135  2026-03-31 01:00:00  NAS100 23,027.30 23,029.00 22,841.15 22,922.50 -104.85       -0.46  76,433.00
136  2026-03-31 05:00:00  NAS100 22,928.35 23,212.25 22,775.80 23,154.70  232.20        1.01  93,280.00
137  2026-03-31 09:00:00  NAS100 23,154.85 23,219.25 23,050.00 23,125.25  -29.45       -0.13  94,558.00
138  2026-03-31 13:00:00  NAS100 23,126.00 23,205.60 23,053.75 23,121.55   -3.70       -0.02  96,486.00
139  2026-03-31 17:00:00  NAS100 23,120.80 23,387.10 23,053.05 23,381.75  260.20        1.13 110,824.00
140  2026-03-31 21:00:00  NAS100 23,382.75 23,691.10 23,193.50 23,576.50  194.75        0.83 144,518.00
141  2026-04-01 01:00:00  NAS100 23,576.70 23,787.85 23,576.00 23,720.05  143.55        0.61  84,601.00
142  2026-04-01 05:00:00  NAS100 23,712.90 23,863.40 23,697.65 23,793.55   73.50        0.31  81,066.00
143  2026-04-01 09:00:00  NAS100 23,794.05 23,888.80 23,772.25 23,856.70   63.15        0.27  64,606.00
144  2026-04-01 13:00:00  NAS100 23,857.00 23,995.80 23,819.75 23,885.25   28.55        0.12  94,141.00
145  2026-04-01 17:00:00  NAS100 23,885.65 24,033.55 23,852.75 23,934.30   49.05        0.21 103,460.00
146  2026-04-01 21:00:00  NAS100 23,933.30 24,163.75 23,925.25 24,082.65  148.35        0.62 117,558.00
147  2026-04-02 01:00:00  NAS100 24,082.60 24,088.40 23,940.75 24,003.05  -79.60       -0.33  78,218.00
148  2026-04-02 05:00:00  NAS100 24,001.60 24,062.50 23,729.00 23,760.20 -242.85       -1.01  85,399.00
149  2026-04-02 09:00:00  NAS100 23,755.00 23,784.05 23,572.30 23,574.40 -185.80       -0.78  92,587.00
150  2026-04-02 13:00:00  NAS100 23,574.50 23,699.20 23,570.05 23,648.05   73.65        0.31  82,962.00
151  2026-04-02 17:00:00  NAS100 23,647.90 23,725.20 23,483.80 23,714.75   66.70        0.28 102,213.00
152  2026-04-02 21:00:00  NAS100 23,714.00 24,078.50 23,676.60 23,908.15  193.40        0.82 139,453.00
153  2026-04-03 01:00:00  NAS100 23,908.40 24,051.15 23,908.40 24,035.45  127.30        0.53  72,747.00
154  2026-04-03 05:00:00  NAS100 24,016.90 24,075.00 24,013.25 24,018.75  -16.70       -0.07  33,470.00
155  2026-04-03 09:00:00  NAS100 24,018.80 24,026.90 23,973.05 24,002.60  -16.15       -0.07  38,504.00
156  2026-04-03 13:00:00  NAS100 24,002.25 24,005.05 23,941.75 23,961.05  -41.55       -0.17  29,617.00
157  2026-04-03 17:00:00  NAS100 23,961.15 24,059.25 23,927.75 23,952.15   -8.90       -0.04  34,768.00
158  2026-04-06 05:00:00  NAS100 23,911.05 24,060.75 23,802.65 24,014.55   62.40        0.26  72,470.00
159  2026-04-06 09:00:00  NAS100 24,014.40 24,147.25 23,960.25 24,054.05   39.50        0.16  63,779.00
160  2026-04-06 13:00:00  NAS100 24,053.40 24,217.50 24,029.00 24,157.55  103.50        0.43  60,483.00
161  2026-04-06 17:00:00  NAS100 24,157.75 24,233.65 24,068.25 24,233.55   76.00        0.31  75,139.00
162  2026-04-06 21:00:00  NAS100 24,225.30 24,271.40 24,025.35 24,085.35 -148.20       -0.61 117,296.00
163  2026-04-07 01:00:00  NAS100 24,085.75 24,192.30 24,067.00 24,170.45   85.10        0.35  58,880.00
164  2026-04-07 05:00:00  NAS100 24,174.55 24,207.75 23,994.05 24,003.05 -167.40       -0.69  64,665.00
165  2026-04-07 09:00:00  NAS100 24,003.15 24,087.75 23,978.50 24,053.25   50.20        0.21  65,050.00
166  2026-04-07 13:00:00  NAS100 24,053.50 24,245.90 24,032.90 24,210.90  157.65        0.66  82,016.00
167  2026-04-07 17:00:00  NAS100 24,211.20 24,224.55 23,944.25 23,946.70 -264.20       -1.09 104,958.00
168  2026-04-07 21:00:00  NAS100 23,946.15 24,124.25 23,767.15 24,051.20  104.50        0.44 132,203.00
169  2026-04-08 01:00:00  NAS100 24,051.00 24,275.50 23,902.35 24,224.25  173.05        0.72  88,277.00
170  2026-04-08 05:00:00  NAS100 24,336.80 24,938.15 24,201.55 24,923.65  699.40        2.89 106,043.00
171  2026-04-08 09:00:00  NAS100 24,923.60 25,024.05 24,916.05 25,020.55   96.90        0.39  65,274.00
172  2026-04-08 13:00:00  NAS100 25,020.65 25,074.50 24,964.05 25,030.35    9.80        0.04  87,278.00
173  2026-04-08 17:00:00  NAS100 25,030.00 25,085.95 24,897.30 24,911.55 -118.80       -0.47 105,363.00
174  2026-04-08 21:00:00  NAS100 24,910.60 24,986.65 24,762.00 24,923.35   11.80        0.05 138,957.00
175  2026-04-09 01:00:00  NAS100 24,923.50 24,960.90 24,772.90 24,865.85  -57.50       -0.23  87,079.00
176  2026-04-09 05:00:00  NAS100 24,867.75 24,891.75 24,808.55 24,850.55  -15.30       -0.06  74,174.00
177  2026-04-09 09:00:00  NAS100 24,850.35 24,876.75 24,821.85 24,856.65    6.10        0.02  62,930.00
178  2026-04-09 13:00:00  NAS100 24,856.60 24,885.25 24,780.65 24,844.15  -12.50       -0.05  79,167.00
179  2026-04-09 17:00:00  NAS100 24,844.25 24,935.80 24,804.75 24,860.75   16.60        0.07  92,733.00
180  2026-04-09 21:00:00  NAS100 24,860.70 25,091.60 24,788.20 25,054.05  193.30        0.78 140,708.00
181  2026-04-10 01:00:00  NAS100 25,054.15 25,096.10 24,975.40 25,071.05   17.00        0.07  80,012.00
182  2026-04-10 05:00:00  NAS100 25,061.70 25,125.45 25,020.25 25,111.40   40.35        0.16  62,371.00
183  2026-04-10 09:00:00  NAS100 25,111.35 25,127.15 25,081.25 25,089.00  -22.40       -0.09  53,614.00
184  2026-04-10 13:00:00  NAS100 25,089.05 25,100.45 25,030.20 25,085.55   -3.45       -0.01  75,302.00
185  2026-04-10 17:00:00  NAS100 25,085.60 25,195.70 25,067.70 25,146.65   61.10        0.24  91,031.00
186  2026-04-10 21:00:00  NAS100 25,146.80 25,219.75 25,049.50 25,099.10  -47.55       -0.19 139,406.00
187  2026-04-11 01:00:00  NAS100 25,099.80 25,163.65 25,066.80 25,160.10   61.00        0.24  74,582.00
188  2026-04-13 05:00:00  NAS100 24,795.70 24,920.50 24,744.95 24,913.60 -246.50       -0.98  93,105.00
189  2026-04-13 09:00:00  NAS100 24,913.70 24,925.30 24,882.45 24,909.75   -3.85       -0.02  60,534.00
190  2026-04-13 13:00:00  NAS100 24,910.35 24,963.20 24,908.65 24,946.50   36.75        0.15  71,727.00
191  2026-04-13 17:00:00  NAS100 24,946.70 25,139.30 24,904.40 25,138.60  192.10        0.77  90,153.00
192  2026-04-13 21:00:00  NAS100 25,137.00 25,269.70 25,078.10 25,234.40   95.80        0.38 133,207.00
193  2026-04-14 01:00:00  NAS100 25,234.45 25,416.80 25,226.65 25,414.75  180.35        0.71  69,988.00
194  2026-04-14 05:00:00  NAS100 25,409.60 25,452.65 25,394.65 25,415.95    1.20        0.00  56,754.00
195  2026-04-14 09:00:00  NAS100 25,416.00 25,432.50 25,406.60 25,408.40   -7.55       -0.03  41,526.00
196  2026-04-14 13:00:00  NAS100 25,408.55 25,508.05 25,398.95 25,471.75   63.35        0.25  71,565.00
197  2026-04-14 17:00:00  NAS100 25,471.80 25,597.60 25,454.80 25,556.00   84.25        0.33  87,952.00
198  2026-04-14 21:00:00  NAS100 25,556.45 25,803.35 25,546.80 25,792.70  236.70        0.93 119,306.00
199  2026-04-15 01:00:00  NAS100 25,792.80 25,836.60 25,720.55 25,824.65   31.95        0.12  72,754.00
200  2026-04-15 05:00:00  NAS100 25,819.10 25,878.55 25,813.65 25,874.40   49.75        0.19  56,293.00
201  2026-04-15 09:00:00  NAS100 25,874.50 25,890.30 25,803.30 25,815.10  -59.30       -0.23  55,102.00
202  2026-04-15 13:00:00  NAS100 25,815.15 25,874.30 25,804.60 25,814.50   -0.60       -0.00  67,133.00
203  2026-04-15 17:00:00  NAS100 25,814.60 25,905.30 25,771.40 25,905.00   90.50        0.35  94,948.00
204  2026-04-15 21:00:00  NAS100 25,905.50 26,087.75 25,885.55 26,026.85  121.85        0.47 134,348.00
205  2026-04-16 01:00:00  NAS100 26,026.70 26,213.25 26,010.40 26,195.45  168.60        0.65  76,017.00
206  2026-04-16 05:00:00  NAS100 26,180.60 26,296.25 26,177.30 26,272.50   77.05        0.29  53,020.00
207  2026-04-16 09:00:00  NAS100 26,272.30 26,292.35 26,248.25 26,286.45   13.95        0.05  50,255.00
208  2026-04-16 13:00:00  NAS100 26,286.55 26,317.50 26,240.30 26,284.60   -1.85       -0.01  64,300.00
209  2026-04-16 17:00:00  NAS100 26,284.65 26,296.35 26,107.80 26,153.10 -131.50       -0.50  86,628.00
210  2026-04-16 21:00:00  NAS100 26,152.80 26,394.00 26,122.50 26,292.05  138.95        0.53 138,676.00
211  2026-04-17 01:00:00  NAS100 26,291.75 26,329.70 26,187.00 26,295.65    3.60        0.01  79,544.00
212  2026-04-17 05:00:00  NAS100 26,295.75 26,333.50 26,283.80 26,325.30   29.65        0.11  49,757.00
213  2026-04-17 09:00:00  NAS100 26,325.20 26,330.80 26,279.95 26,302.00  -23.30       -0.09  43,195.00
214  2026-04-17 13:00:00  NAS100 26,302.50 26,377.15 26,283.30 26,373.05   71.05        0.27  61,243.00
215  2026-04-17 17:00:00  NAS100 26,373.30 26,645.30 26,341.95 26,567.35  194.30        0.74  96,024.00
216  2026-04-17 21:00:00  NAS100 26,568.70 26,718.80 26,556.10 26,644.35   77.00        0.29 139,196.00
217  2026-04-18 01:00:00  NAS100 26,644.45 26,681.15 26,592.20 26,677.10   32.75        0.12  80,504.00
218  2026-04-20 05:00:00  NAS100 26,429.80 26,553.95 26,375.80 26,544.95 -132.15       -0.50  82,030.00
219  2026-04-20 09:00:00  NAS100 26,544.90 26,545.45 26,452.30 26,474.95  -70.00       -0.26  56,636.00
220  2026-04-20 13:00:00  NAS100 26,474.70 26,559.75 26,459.15 26,534.05   59.10        0.22  82,165.00
221  2026-04-20 17:00:00  NAS100 26,534.10 26,664.00 26,519.85 26,620.55   86.50        0.33  91,457.00
222  2026-04-20 21:00:00  NAS100 26,620.10 26,627.00 26,409.15 26,546.90  -73.65       -0.28 135,125.00
223  2026-04-21 01:00:00  NAS100 26,546.70 26,648.65 26,537.20 26,614.40   67.50        0.25  75,102.00
224  2026-04-21 05:00:00  NAS100 26,608.90 26,678.55 26,599.70 26,654.05   39.65        0.15  50,075.00
225  2026-04-21 09:00:00  NAS100 26,654.15 26,684.70 26,632.90 26,667.35   13.30        0.05  40,555.00
226  2026-04-21 13:00:00  NAS100 26,667.40 26,698.25 26,638.90 26,682.35   15.00        0.06  63,576.00
227  2026-04-21 17:00:00  NAS100 26,682.60 26,742.65 26,569.00 26,679.80   -2.55       -0.01  88,490.00
228  2026-04-21 21:00:00  NAS100 26,679.50 26,726.35 26,442.65 26,540.70 -139.10       -0.52 145,903.00
229  2026-04-22 01:00:00  NAS100 26,540.70 26,634.65 26,393.65 26,565.10   24.40        0.09  93,082.00
230  2026-04-22 05:00:00  NAS100 26,572.90 26,675.85 26,572.90 26,665.30  100.20        0.38  55,347.00
231  2026-04-22 09:00:00  NAS100 26,665.35 26,700.80 26,615.60 26,676.00   10.70        0.04  53,020.00
232  2026-04-22 13:00:00  NAS100 26,675.85 26,708.40 26,624.75 26,670.20   -5.80       -0.02  70,605.00
233  2026-04-22 17:00:00  NAS100 26,669.95 26,744.20 26,650.30 26,708.95   38.75        0.15  92,633.00
234  2026-04-22 21:00:00  NAS100 26,708.90 26,894.35 26,697.10 26,874.40  165.45        0.62 135,317.00
235  2026-04-23 01:00:00  NAS100 26,874.00 26,978.20 26,823.00 26,950.60   76.20        0.28  80,299.00
236  2026-04-23 05:00:00  NAS100 26,916.20 26,946.65 26,696.20 26,847.50 -103.10       -0.38  73,081.00
237  2026-04-23 09:00:00  NAS100 26,847.45 26,847.90 26,712.90 26,825.35  -22.15       -0.08  88,753.00
238  2026-04-23 13:00:00  NAS100 26,825.20 26,861.00 26,737.90 26,789.50  -35.85       -0.13  84,239.00
239  2026-04-23 17:00:00  NAS100 26,789.30 26,949.25 26,763.75 26,864.15   74.65        0.28 102,593.00
240  2026-04-23 21:00:00  NAS100 26,864.20 27,002.60 26,529.50 26,727.20 -136.95       -0.51 144,895.00
241  2026-04-24 01:00:00  NAS100 26,728.90 26,835.95 26,690.85 26,789.00   61.80        0.23  92,248.00
242  2026-04-24 05:00:00  NAS100 26,854.60 26,990.00 26,854.60 26,973.20  184.20        0.69  66,867.00
243  2026-04-24 09:00:00  NAS100 26,971.90 26,975.00 26,871.50 26,940.15  -33.05       -0.12  74,205.00
244  2026-04-24 13:00:00  NAS100 26,940.25 27,006.00 26,918.70 26,963.50   23.35        0.09  78,004.00
245  2026-04-24 17:00:00  NAS100 26,963.85 27,217.50 26,962.60 27,049.55   86.05        0.32 108,405.00
246  2026-04-24 21:00:00  NAS100 27,041.20 27,315.50 27,013.50 27,286.95  237.40        0.88 141,892.00
247  2026-04-25 01:00:00  NAS100 27,286.90 27,308.30 27,238.60 27,294.30    7.35        0.03  78,729.00
248  2026-04-27 05:00:00  NAS100 27,256.60 27,398.00 27,203.30 27,396.60  102.30        0.37  75,495.00
249  2026-04-27 09:00:00  NAS100 27,396.50 27,400.50 27,302.95 27,308.50  -88.10       -0.32  65,356.00
250  2026-04-27 13:00:00  NAS100 27,308.60 27,324.85 27,247.75 27,314.00    5.50        0.02  73,487.00
251  2026-04-27 17:00:00  NAS100 27,313.95 27,359.15 27,158.10 27,260.25  -53.75       -0.20  92,157.00
252  2026-04-27 21:00:00  NAS100 27,260.60 27,298.70 27,167.10 27,287.90   27.65        0.10 135,949.00
253  2026-04-28 01:00:00  NAS100 27,287.80 27,310.70 27,249.95 27,278.10   -9.80       -0.04  71,756.00
254  2026-04-28 05:00:00  NAS100 27,287.60 27,375.10 27,281.55 27,284.85    6.75        0.02  69,724.00
255  2026-04-28 09:00:00  NAS100 27,284.90 27,302.65 27,213.85 27,227.20  -57.65       -0.21  70,672.00
256  2026-04-28 13:00:00  NAS100 27,226.60 27,241.25 27,119.90 27,148.00  -79.20       -0.29  88,485.00
257  2026-04-28 17:00:00  NAS100 27,147.55 27,164.15 26,900.05 27,066.55  -81.45       -0.30 119,773.00
258  2026-04-28 21:00:00  NAS100 27,064.10 27,096.65 26,873.50 27,004.55  -62.00       -0.23 144,279.00
259  2026-04-29 01:00:00  NAS100 27,005.20 27,087.70 26,984.50 27,054.35   49.80        0.18  80,512.00
260  2026-04-29 05:00:00  NAS100 27,069.25 27,160.10 27,058.65 27,113.30   58.95        0.22  55,824.00
261  2026-04-29 09:00:00  NAS100 27,113.70 27,178.40 27,110.00 27,163.40   50.10        0.18  51,946.00
262  2026-04-29 13:00:00  NAS100 27,163.50 27,183.85 27,065.00 27,095.15  -68.25       -0.25  83,168.00
263  2026-04-29 17:00:00  NAS100 27,094.80 27,154.45 26,991.30 27,086.95   -8.20       -0.03  95,022.00
264  2026-04-29 21:00:00  NAS100 27,087.15 27,181.65 27,020.30 27,115.75   28.80        0.11 139,813.00
265  2026-04-30 01:00:00  NAS100 27,115.70 27,274.50 26,964.00 27,015.80  -99.95       -0.37 102,245.00
266  2026-04-30 05:00:00  NAS100 27,088.60 27,489.65 27,080.00 27,448.05  432.25        1.60  85,968.00
267  2026-04-30 09:00:00  NAS100 27,447.90 27,455.05 27,089.50 27,091.65 -356.40       -1.30 101,408.00
268  2026-04-30 13:00:00  NAS100 27,091.20 27,308.70 27,053.20 27,235.80  144.15        0.53 106,276.00
269  2026-04-30 17:00:00  NAS100 27,235.40 27,412.60 27,072.20 27,113.30 -122.50       -0.45 114,943.00
270  2026-04-30 21:00:00  NAS100 27,114.70 27,415.20 27,030.95 27,410.80  297.50        1.10 146,136.00
271  2026-05-01 01:00:00  NAS100 27,411.10 27,488.10 27,409.70 27,465.30   54.50        0.20  90,501.00
272  2026-05-01 05:00:00  NAS100 27,498.50 27,524.45 27,423.25 27,516.20   50.90        0.19  63,779.00
273  2026-05-01 09:00:00  NAS100 27,515.80 27,539.40 27,479.40 27,483.10  -33.10       -0.12  44,760.00
274  2026-05-01 13:00:00  NAS100 27,483.15 27,494.65 27,411.65 27,436.80  -46.30       -0.17  58,528.00
275  2026-05-01 17:00:00  NAS100 27,436.30 27,739.40 27,402.95 27,739.40  302.60        1.10  86,800.00
276  2026-05-01 21:00:00  NAS100 27,738.50 27,783.20 27,618.50 27,750.00   10.60        0.04 143,344.00
277  2026-05-02 01:00:00  NAS100 27,750.15 27,767.35 27,624.00 27,650.10  -99.90       -0.36  87,274.00
278  2026-05-04 05:00:00  NAS100 27,761.20 27,797.45 27,674.50 27,792.40  142.30        0.51  77,320.00
279  2026-05-04 09:00:00  NAS100 27,791.80 27,838.30 27,754.50 27,807.15   14.75        0.05  63,707.00
280  2026-05-04 13:00:00  NAS100 27,807.40 27,823.30 27,737.35 27,763.20  -43.95       -0.16  80,384.00
281  2026-05-04 17:00:00  NAS100 27,763.10 27,768.80 27,536.60 27,766.80    3.60        0.01 117,262.00
282  2026-05-04 21:00:00  NAS100 27,767.60 27,813.05 27,489.00 27,664.80 -102.00       -0.37 145,777.00
283  2026-05-05 01:00:00  NAS100 27,664.95 27,690.60 27,591.45 27,615.80  -49.00       -0.18  82,092.00
284  2026-05-05 05:00:00  NAS100 27,628.70 27,704.20 27,606.85 27,689.25   73.45        0.27  59,306.00
285  2026-05-05 09:00:00  NAS100 27,689.35 27,733.40 27,676.25 27,727.35   38.10        0.14  50,089.00
286  2026-05-05 13:00:00  NAS100 27,727.05 27,829.15 27,693.25 27,810.15   82.80        0.30  77,316.00
287  2026-05-05 17:00:00  NAS100 27,810.10 27,986.05 27,774.55 27,957.70  147.55        0.53  88,208.00
288  2026-05-05 21:00:00  NAS100 27,960.30 28,041.80 27,907.10 28,033.70   76.00        0.27 131,829.00
289  2026-05-06 01:00:00  NAS100 28,033.90 28,121.05 27,983.45 28,081.80   48.10        0.17  80,759.00
290  2026-05-06 05:00:00  NAS100 28,136.40 28,296.90 28,124.40 28,170.90   89.10        0.32  85,412.00
291  2026-05-06 09:00:00  NAS100 28,170.30 28,237.80 28,141.30 28,233.05   62.15        0.22  73,592.00
292  2026-05-06 13:00:00  NAS100 28,232.85 28,394.60 28,178.40 28,384.95  151.90        0.54  97,649.00
293  2026-05-06 17:00:00  NAS100 28,385.05 28,511.90 28,215.80 28,347.50  -37.45       -0.13 126,113.00
294  2026-05-06 21:00:00  NAS100 28,347.15 28,488.45 28,264.70 28,478.50  131.00        0.46 138,160.00
295  2026-05-07 01:00:00  NAS100 28,478.45 28,677.80 28,471.00 28,591.10  112.60        0.40  85,688.00
296  2026-05-07 05:00:00  NAS100 28,540.00 28,593.80 28,515.50 28,575.95  -15.15       -0.05  73,546.00
297  2026-05-07 09:00:00  NAS100 28,576.10 28,605.65 28,530.45 28,598.30   22.35        0.08  65,229.00
298  2026-05-07 13:00:00  NAS100 28,597.65 28,692.40 28,572.85 28,608.25    9.95        0.03  91,115.00
299  2026-05-07 17:00:00  NAS100 28,608.30 28,679.80 28,572.55 28,660.60   52.35        0.18  94,739.00
300  2026-05-07 21:00:00  NAS100 28,659.00 28,822.65 28,432.30 28,574.10  -86.50       -0.30 151,949.00
301  2026-05-08 01:00:00  NAS100 28,574.30 28,644.20 28,461.20 28,521.20  -52.90       -0.19  96,776.00
302  2026-05-08 05:00:00  NAS100 28,425.90 28,659.50 28,424.00 28,637.30  116.10        0.41  71,354.00
303  2026-05-08 09:00:00  NAS100 28,637.95 28,706.95 28,587.20 28,682.45   45.15        0.16  71,195.00
304  2026-05-08 13:00:00  NAS100 28,682.05 28,774.30 28,661.60 28,729.25   46.80        0.16  78,782.00
305  2026-05-08 17:00:00  NAS100 28,729.15 28,983.40 28,718.70 28,983.40  254.15        0.88  92,952.00
306  2026-05-08 21:00:00  NAS100 28,981.90 29,194.65 28,951.50 29,141.25  157.85        0.54 141,357.00
307  2026-05-09 01:00:00  NAS100 29,141.50 29,259.60 29,115.30 29,212.70   71.45        0.25  82,341.00
308  2026-05-11 05:00:00  NAS100 29,175.60 29,283.85 29,112.10 29,224.10   11.40        0.04  89,216.00
309  2026-05-11 09:00:00  NAS100 29,223.90 29,245.45 29,178.70 29,206.60  -17.50       -0.06  73,047.00
310  2026-05-11 13:00:00  NAS100 29,206.50 29,249.60 29,148.90 29,200.35   -6.25       -0.02  79,801.00
311  2026-05-11 17:00:00  NAS100 29,199.20 29,318.50 29,144.60 29,195.00   -5.35       -0.02  98,790.00
312  2026-05-11 21:00:00  NAS100 29,193.45 29,364.00 29,133.30 29,326.20  131.20        0.45 141,263.00
313  2026-05-12 01:00:00  NAS100 29,326.25 29,359.35 29,211.70 29,284.10  -42.10       -0.14  86,992.00
314  2026-05-12 05:00:00  NAS100 29,286.80 29,344.95 29,116.70 29,159.65 -124.45       -0.42  65,255.00
315  2026-05-12 09:00:00  NAS100 29,159.10 29,253.50 29,149.10 29,171.20   11.55        0.04  81,610.00
316  2026-05-12 13:00:00  NAS100 29,171.10 29,180.80 29,063.30 29,109.60  -61.60       -0.21  89,571.00
317  2026-05-12 17:00:00  NAS100 29,109.90 29,184.55 29,003.20 29,016.70  -92.90       -0.32 101,731.00
318  2026-05-12 21:00:00  NAS100 29,018.70 29,115.00 28,631.65 28,809.30 -207.40       -0.71 151,710.00
319  2026-05-13 01:00:00  NAS100 28,808.50 29,076.80 28,802.00 29,023.00  213.70        0.74  90,675.00
320  2026-05-13 05:00:00  NAS100 29,034.85 29,150.35 28,946.90 29,105.60   82.60        0.28  81,827.00
321  2026-05-13 09:00:00  NAS100 29,105.70 29,200.20 29,093.10 29,187.15   81.55        0.28  70,998.00
322  2026-05-13 13:00:00  NAS100 29,187.05 29,337.20 29,179.85 29,311.05  123.90        0.42  82,462.00
323  2026-05-13 17:00:00  NAS100 29,311.00 29,313.70 28,966.50 29,058.80 -252.25       -0.86 104,062.00
324  2026-05-13 21:00:00  NAS100 29,060.20 29,386.20 29,006.70 29,334.40  275.60        0.95 141,593.00
325  2026-05-14 01:00:00  NAS100 29,334.40 29,455.05 29,332.60 29,427.10   92.70        0.32  85,257.00
326  2026-05-14 05:00:00  NAS100 29,431.80 29,584.00 29,418.90 29,499.85   72.75        0.25  75,121.00
327  2026-05-14 09:00:00  NAS100 29,499.50 29,526.10 29,406.00 29,494.65   -5.20       -0.02  86,656.00
328  2026-05-14 13:00:00  NAS100 29,494.45 29,531.80 29,372.80 29,425.15  -69.50       -0.24  86,698.00
329  2026-05-14 17:00:00  NAS100 29,425.05 29,575.60 29,340.15 29,432.65    7.50        0.03 101,501.00
330  2026-05-14 21:00:00  NAS100 29,433.30 29,673.35 29,426.30 29,622.50  189.85        0.65 145,873.00
331  2026-05-15 01:00:00  NAS100 29,620.90 29,629.05 29,528.20 29,579.90  -42.60       -0.14  87,195.00
332  2026-05-15 05:00:00  NAS100 29,586.00 29,626.35 29,406.90 29,412.00 -167.90       -0.57  78,707.00
333  2026-05-15 09:00:00  NAS100 29,410.30 29,490.00 29,174.45 29,174.60 -237.40       -0.81 108,031.00
334  2026-05-15 13:00:00  NAS100 29,174.50 29,361.95 29,071.50 29,117.75  -56.85       -0.19 117,235.00
335  2026-05-15 17:00:00  NAS100 29,120.30 29,261.50 28,983.80 29,038.00  -79.75       -0.27 122,269.00
336  2026-05-15 21:00:00  NAS100 29,035.30 29,343.95 29,025.60 29,341.70  303.70        1.05 149,545.00
337  2026-05-16 01:00:00  NAS100 29,342.20 29,380.00 29,005.10 29,067.20 -274.50       -0.94  97,140.00
338  2026-05-18 05:00:00  NAS100 29,029.85 29,185.20 28,829.30 28,924.80 -142.40       -0.49 118,812.00
339  2026-05-18 09:00:00  NAS100 28,924.70 29,018.70 28,894.30 28,945.65   20.85        0.07 108,669.00
340  2026-05-18 13:00:00  NAS100 28,945.80 29,151.25 28,893.30 29,092.30  146.65        0.51 101,492.00
341  2026-05-18 17:00:00  NAS100 29,092.55 29,321.80 28,955.90 29,144.25   51.95        0.18 117,180.00
342  2026-05-18 21:00:00  NAS100 29,145.00 29,200.70 28,745.45 28,916.05 -228.20       -0.78 153,280.00
343  2026-05-19 01:00:00  NAS100 28,916.15 29,015.10 28,717.40 28,978.05   62.00        0.21  94,877.00
344  2026-05-19 05:00:00  NAS100 28,994.90 29,088.90 28,892.65 28,915.35  -62.70       -0.22  94,613.00
345  2026-05-19 09:00:00  NAS100 28,914.80 28,939.65 28,786.80 28,837.00  -78.35       -0.27 112,414.00
346  2026-05-19 13:00:00  NAS100 28,837.20 29,026.55 28,741.00 28,816.40  -20.60       -0.07 104,481.00
347  2026-05-19 17:00:00  NAS100 28,813.00 28,968.80 28,704.70 28,836.50   20.10        0.07 114,479.00
348  2026-05-19 21:00:00  NAS100 28,839.00 29,027.90 28,565.10 28,970.95  134.45        0.47 152,069.00
349  2026-05-20 01:00:00  NAS100 28,972.50 29,002.85 28,769.00 28,800.50 -170.45       -0.59  91,907.00
350  2026-05-20 05:00:00  NAS100 28,833.50 28,929.95 28,707.70 28,887.70   87.20        0.30  99,418.00
351  2026-05-20 09:00:00  NAS100 28,889.10 28,923.60 28,746.90 28,862.00  -25.70       -0.09 109,893.00
352  2026-05-20 13:00:00  NAS100 28,862.30 29,056.35 28,858.30 29,031.55  169.55        0.59  91,935.00
353  2026-05-20 17:00:00  NAS100 29,031.50 29,101.65 28,931.00 29,007.40  -24.15       -0.08 100,146.00
354  2026-05-20 21:00:00  NAS100 29,010.20 29,301.80 28,915.55 29,209.15  201.75        0.70 146,432.00
355  2026-05-21 01:00:00  NAS100 29,209.35 29,302.45 29,155.95 29,185.10  -24.05       -0.08  92,590.00
356  2026-05-21 05:00:00  NAS100 29,163.30 29,226.30 29,020.55 29,218.60   33.50        0.11  85,019.00
357  2026-05-21 09:00:00  NAS100 29,219.00 29,345.35 29,205.60 29,273.20   54.60        0.19  75,539.00
358  2026-05-21 13:00:00  NAS100 29,273.05 29,368.50 29,110.50 29,286.80   13.60        0.05  95,837.00
359  2026-05-21 17:00:00  NAS100 29,287.00 29,298.80 29,080.35 29,192.70  -94.10       -0.32 117,447.00
360  2026-05-21 21:00:00  NAS100 29,193.50 29,459.25 29,033.80 29,403.20  210.50        0.72 149,077.00
361  2026-05-22 01:00:00  NAS100 29,402.75 29,427.35 29,202.30 29,358.60  -44.60       -0.15  87,898.00
362  2026-05-22 05:00:00  NAS100 29,360.80 29,515.60 29,360.20 29,442.95   84.35        0.29  75,116.00
363  2026-05-22 09:00:00  NAS100 29,442.75 29,519.60 29,421.90 29,460.10   17.15        0.06  72,289.00
364  2026-05-22 13:00:00  NAS100 29,459.85 29,578.50 29,391.10 29,439.90  -20.20       -0.07  89,579.00
365  2026-05-22 17:00:00  NAS100 29,440.30 29,628.35 29,351.60 29,555.10  115.20        0.39 102,709.00
366  2026-05-22 21:00:00  NAS100 29,546.40 29,659.50 29,404.00 29,592.00   36.90        0.12 138,986.00
367  2026-05-23 01:00:00  NAS100 29,592.50 29,601.50 29,415.80 29,434.90 -157.10       -0.53  85,152.00
368  2026-05-25 05:00:00  NAS100 29,615.90 29,867.65 29,604.80 29,844.00  409.10        1.39  74,931.00
369  2026-05-25 09:00:00  NAS100 29,844.10 29,913.65 29,822.65 29,888.35   44.35        0.15  52,378.00
370  2026-05-25 13:00:00  NAS100 29,888.05 29,906.50 29,810.30 29,875.50  -12.85       -0.04  56,453.00
371  2026-05-25 17:00:00  NAS100 29,875.45 29,913.00 29,857.45 29,912.55   37.05        0.12  47,102.00
372  2026-05-25 21:00:00  NAS100 29,912.60 29,912.90 29,829.80 29,883.10  -29.45       -0.10  49,758.00
373  2026-05-26 05:00:00  NAS100 29,892.65 29,895.10 29,690.25 29,730.85 -152.25       -0.51  86,367.00
374  2026-05-26 09:00:00  NAS100 29,731.30 29,748.20 29,703.70 29,725.30   -5.55       -0.02  69,838.00
375  2026-05-26 13:00:00  NAS100 29,726.40 29,769.90 29,663.80 29,766.30   41.00        0.14  78,376.00
376  2026-05-26 17:00:00  NAS100 29,766.55 29,923.15 29,737.90 29,923.15  156.85        0.53  88,608.00
377  2026-05-26 21:00:00  NAS100 29,925.95 30,037.90 29,805.40 29,916.50   -6.65       -0.02 144,350.00
378  2026-05-27 01:00:00  NAS100 29,916.10 30,031.20 29,902.00 29,962.90   46.40        0.16  77,694.00
379  2026-05-27 05:00:00  NAS100 29,981.60 30,083.70 29,954.40 30,048.20   85.30        0.28  76,153.00
380  2026-05-27 09:00:00  NAS100 30,048.00 30,083.65 29,993.70 30,028.25  -19.95       -0.07  77,837.00
381  2026-05-27 13:00:00  NAS100 30,027.90 30,141.85 29,981.20 30,138.30  110.05        0.37  77,811.00
382  2026-05-27 17:00:00  NAS100 30,138.90 30,303.00 29,863.30 29,986.60 -151.70       -0.50 100,860.00
383  2026-05-27 21:00:00  NAS100 29,986.35 30,024.10 29,805.70 29,898.45  -88.15       -0.29 147,275.00
384  2026-05-28 01:00:00  NAS100 29,897.70 30,054.20 29,888.90 30,050.80  152.35        0.51  83,653.00
385  2026-05-28 05:00:00  NAS100 30,040.75 30,064.90 29,893.30 30,000.65  -50.15       -0.17  88,803.00
386  2026-05-28 09:00:00  NAS100 30,000.55 30,008.60 29,693.80 29,833.95 -166.70       -0.56 111,648.00
387  2026-05-28 13:00:00  NAS100 29,834.60 29,927.30 29,810.00 29,905.25   71.30        0.24  83,317.00
388  2026-05-28 17:00:00  NAS100 29,904.80 30,041.15 29,796.60 29,920.65   15.40        0.05 102,432.00
389  2026-05-28 21:00:00  NAS100 29,919.50 30,271.10 29,893.25 30,247.40  326.75        1.09 134,929.00
390  2026-05-29 01:00:00  NAS100 30,248.80 30,266.85 30,204.50 30,242.30   -5.10       -0.02  75,821.00
391  2026-05-29 05:00:00  NAS100 30,249.30 30,283.70 30,139.60 30,170.40  -71.90       -0.24  72,967.00
392  2026-05-29 09:00:00  NAS100 30,170.55 30,240.85 30,150.55 30,223.20   52.80        0.18  69,212.00
393  2026-05-29 13:00:00  NAS100 30,223.50 30,292.00 30,189.30 30,254.20   31.00        0.10  76,985.00
394  2026-05-29 17:00:00  NAS100 30,255.10 30,442.60 30,220.35 30,442.10  187.90        0.62  91,390.00
395  2026-05-29 21:00:00  NAS100 30,441.10 30,458.30 30,193.80 30,225.10 -217.00       -0.71 143,815.00
396  2026-05-30 01:00:00  NAS100 30,225.40 30,367.80 30,214.85 30,314.80   89.70        0.30  85,217.00
397  2026-06-01 05:00:00  NAS100 30,357.10 30,486.80 30,293.90 30,480.80  166.00        0.55  80,937.00
398  2026-06-01 09:00:00  NAS100 30,480.65 30,526.35 30,469.55 30,511.50   30.70        0.10  71,347.00
399  2026-06-01 13:00:00  NAS100 30,512.20 30,524.25 30,376.30 30,394.60 -116.90       -0.38  76,443.00
400  2026-06-01 17:00:00  NAS100 30,394.65 30,436.75 30,224.40 30,247.20 -147.40       -0.48  98,348.00
401  2026-06-01 21:00:00  NAS100 30,244.40 30,624.15 30,228.25 30,602.70  355.50        1.18 142,543.00
402  2026-06-02 01:00:00  NAS100 30,602.70 30,607.10 30,439.90 30,455.30 -147.40       -0.48  83,981.00
403  2026-06-02 05:00:00  NAS100 30,479.50 30,486.50 30,274.05 30,274.30 -181.00       -0.59  86,301.00
404  2026-06-02 09:00:00  NAS100 30,274.25 30,433.50 30,258.50 30,417.15  142.85        0.47  83,085.00
405  2026-06-02 13:00:00  NAS100 30,417.10 30,525.40 30,409.70 30,506.00   88.85        0.29  79,392.00
406  2026-06-02 17:00:00  NAS100 30,505.60 30,544.05 30,365.00 30,542.00   36.00        0.12  92,158.00
407  2026-06-02 21:00:00  NAS100 30,542.60 30,651.75 30,478.40 30,568.20   26.20        0.09 139,013.00
408  2026-06-03 01:00:00  NAS100 30,569.70 30,703.20 30,539.10 30,682.80  114.60        0.37  77,825.00
409  2026-06-03 05:00:00  NAS100 30,688.90 30,705.05 30,517.20 30,631.20  -51.60       -0.17  88,250.00
410  2026-06-03 09:00:00  NAS100 30,631.50 30,678.70 30,612.80 30,637.55    6.35        0.02  60,775.00
411  2026-06-03 13:00:00  NAS100 30,638.15 30,718.10 30,621.20 30,682.55   45.00        0.15  82,992.00
412  2026-06-03 17:00:00  NAS100 30,682.60 30,755.15 30,445.55 30,510.80 -171.75       -0.56  96,336.00
413  2026-06-03 21:00:00  NAS100 30,509.65 30,687.10 30,455.15 30,591.10   80.30        0.26 148,352.00
414  2026-06-04 01:00:00  NAS100 30,591.50 30,642.35 30,426.85 30,439.90 -151.20       -0.49  97,232.00
415  2026-06-04 05:00:00  NAS100 30,390.60 30,472.65 30,313.50 30,395.60  -44.30       -0.15 106,158.00
416  2026-06-04 09:00:00  NAS100 30,395.70 30,449.70 30,295.30 30,426.10   30.50        0.10  96,337.00
417  2026-06-04 13:00:00  NAS100 30,426.35 30,486.05 30,191.40 30,279.05 -147.05       -0.48 100,448.00
418  2026-06-04 17:00:00  NAS100 30,278.85 30,306.40 30,107.20 30,190.70  -88.35       -0.29 120,594.00
419  2026-06-04 21:00:00  NAS100 30,189.90 30,505.70 30,095.20 30,501.95  311.25        1.03 144,323.00
420  2026-06-05 01:00:00  NAS100 30,501.80 30,545.50 30,340.60 30,343.90 -158.05       -0.52  89,764.00
421  2026-06-05 05:00:00  NAS100 30,359.30 30,360.75 29,992.20 30,135.20 -208.70       -0.69  98,748.00
422  2026-06-05 09:00:00  NAS100 30,135.25 30,188.25 30,085.45 30,109.00  -26.20       -0.09 103,025.00
423  2026-06-05 13:00:00  NAS100 30,108.50 30,197.10 30,001.55 30,137.30   28.30        0.09 100,552.00
424  2026-06-05 17:00:00  NAS100 30,137.80 30,175.55 29,710.85 29,712.15 -425.15       -1.41 104,604.00
425  2026-06-05 21:00:00  NAS100 29,712.30 29,880.80 29,301.70 29,410.30 -301.85       -1.02 155,783.00
426  2026-06-06 01:00:00  NAS100 29,410.65 29,415.90 28,720.50 28,770.90 -639.40       -2.17 111,572.00
427  2026-06-08 05:00:00  NAS100 28,824.60 29,237.90 28,773.70 29,108.30  337.40        1.17 124,914.00
428  2026-06-08 09:00:00  NAS100 29,109.50 29,193.50 28,923.40 28,966.50 -141.80       -0.49 123,729.00
429  2026-06-08 13:00:00  NAS100 28,968.40 29,230.85 28,951.30 29,189.90  223.40        0.77 117,601.00
430  2026-06-08 17:00:00  NAS100 29,190.05 29,554.80 29,126.00 29,300.80  110.90        0.38 119,468.00
431  2026-06-08 21:00:00  NAS100 29,300.20 29,692.75 29,282.50 29,508.80  208.00        0.71 153,734.00
432  2026-06-09 01:00:00  NAS100 29,510.60 29,567.95 29,328.00 29,385.50 -123.30       -0.42  96,246.00
433  2026-06-09 05:00:00  NAS100 29,391.60 29,503.35 29,262.00 29,449.20   63.70        0.22 109,871.00
434  2026-06-09 09:00:00  NAS100 29,449.30 29,608.65 29,418.10 29,591.40  142.20        0.48 107,034.00
435  2026-06-09 13:00:00  NAS100 29,591.90 29,653.65 29,524.00 29,637.45   46.05        0.16  99,127.00
436  2026-06-09 17:00:00  NAS100 29,637.35 29,803.60 29,581.30 29,629.45   -8.00       -0.03 101,826.00
437  2026-06-09 21:00:00  NAS100 29,629.50 29,668.55 28,186.00 28,786.80 -842.65       -2.84 157,079.00
438  2026-06-10 01:00:00  NAS100 28,789.10 29,152.90 28,742.65 29,096.70  309.90        1.08 105,126.00
439  2026-06-10 05:00:00  NAS100 29,037.10 29,127.70 28,931.70 28,993.40 -103.30       -0.36 107,980.00
440  2026-06-10 09:00:00  NAS100 28,993.15 29,004.55 28,814.90 28,903.10  -90.30       -0.31 113,768.00
441  2026-06-10 13:00:00  NAS100 28,903.10 28,972.20 28,644.60 28,738.00 -165.10       -0.57 111,230.00
442  2026-06-10 17:00:00  NAS100 28,738.30 29,120.80 28,569.90 28,980.95  242.95        0.85 132,148.00
443  2026-06-10 21:00:00  NAS100 28,982.30 29,208.60 28,577.70 28,738.65 -242.30       -0.84 156,998.00
444  2026-06-11 01:00:00  NAS100 28,738.75 28,790.60 28,368.40 28,430.50 -308.15       -1.07 102,528.00
445  2026-06-11 05:00:00  NAS100 28,419.10 28,723.00 28,226.70 28,603.50  173.00        0.61 121,703.00
446  2026-06-11 09:00:00  NAS100 28,604.20 28,762.55 28,493.40 28,707.35  103.85        0.36 118,885.00
447  2026-06-11 13:00:00  NAS100 28,708.75 28,894.90 28,649.35 28,838.65  131.30        0.46  98,423.00
448  2026-06-11 17:00:00  NAS100 28,837.75 28,972.20 28,598.95 28,859.95   21.30        0.07 112,148.00
449  2026-06-11 21:00:00  NAS100 28,859.90 29,261.20 28,540.20 29,174.50  314.55        1.09 155,854.00
450  2026-06-12 01:00:00  NAS100 29,174.55 29,501.75 29,031.30 29,395.90  221.40        0.76  96,698.00
451  2026-06-12 05:00:00  NAS100 29,423.15 29,609.20 29,414.20 29,517.25  121.35        0.41 106,972.00
452  2026-06-12 09:00:00  NAS100 29,517.30 29,550.30 29,344.10 29,370.20 -147.05       -0.50 117,659.00
453  2026-06-12 13:00:00  NAS100 29,370.00 29,635.40 29,227.20 29,593.35  223.15        0.76 120,146.00
454  2026-06-12 17:00:00  NAS100 29,593.20 29,632.55 29,200.40 29,319.90 -273.45       -0.92 121,554.00
455  2026-06-12 21:00:00  NAS100 29,321.30 29,733.20 29,315.70 29,654.30  334.40        1.14 141,495.00
456  2026-06-13 01:00:00  NAS100 29,655.90 29,703.25 29,551.60 29,649.30   -5.00       -0.02  83,225.00
457  2026-06-15 05:00:00  NAS100 29,902.55 30,161.70 29,889.20 30,145.40  496.10        1.67 100,627.00
458  2026-06-15 09:00:00  NAS100 30,145.10 30,223.65 30,139.85 30,213.75   68.35        0.23  81,280.00
459  2026-06-15 13:00:00  NAS100 30,213.70 30,305.65 30,188.65 30,227.40   13.65        0.05  94,822.00
460  2026-06-15 17:00:00  NAS100 30,226.90 30,476.85 30,207.00 30,379.90  152.50        0.50 101,272.00
461  2026-06-15 21:00:00  NAS100 30,380.35 30,590.90 30,349.15 30,536.65  156.75        0.52 140,407.00
462  2026-06-16 01:00:00  NAS100 30,536.50 30,570.90 30,493.10 30,508.70  -27.95       -0.09  84,467.00
463  2026-06-16 05:00:00  NAS100 30,517.20 30,542.60 30,432.35 30,460.05  -48.65       -0.16  84,663.00
464  2026-06-16 09:00:00  NAS100 30,460.65 30,531.95 30,446.25 30,482.15   22.10        0.07  88,131.00
465  2026-06-16 13:00:00  NAS100 30,481.90 30,620.55 30,474.50 30,546.95   64.80        0.21  86,841.00
466  2026-06-16 17:00:00  NAS100 30,547.00 30,650.40 30,427.80 30,483.20  -63.75       -0.21 101,405.00
467  2026-06-16 21:00:00  NAS100 30,483.00 30,532.70 30,080.00 30,153.45 -329.75       -1.08 151,721.00
468  2026-06-17 01:00:00  NAS100 30,153.40 30,172.50 29,951.30 29,977.20 -176.25       -0.58  92,743.00
469  2026-06-17 05:00:00  NAS100 29,996.10 30,119.70 29,979.90 30,117.20  140.00        0.47  74,089.00
470  2026-06-17 09:00:00  NAS100 30,117.10 30,196.75 30,087.80 30,170.50   53.30        0.18  70,196.00
471  2026-06-17 13:00:00  NAS100 30,170.60 30,254.40 30,119.10 30,133.00  -37.50       -0.12  83,358.00
472  2026-06-17 17:00:00  NAS100 30,133.30 30,210.00 30,017.35 30,017.50 -115.50       -0.38  99,265.00
473  2026-06-17 21:00:00  NAS100 30,016.90 30,214.50 29,966.20 30,139.10  121.60        0.41 140,718.00
474  2026-06-18 01:00:00  NAS100 30,130.00 30,188.10 29,593.80 29,810.90 -328.20       -1.09 105,651.00
475  2026-06-18 05:00:00  NAS100 29,829.25 30,119.40 29,777.70 30,062.55  251.65        0.84  99,006.00
476  2026-06-18 09:00:00  NAS100 30,064.80 30,111.65 29,965.70 30,035.80  -26.75       -0.09  92,774.00
477  2026-06-18 13:00:00  NAS100 30,034.40 30,180.50 30,004.00 30,170.15  134.35        0.45  94,247.00
478  2026-06-18 17:00:00  NAS100 30,170.80 30,294.60 30,041.65 30,149.00  -21.15       -0.07 109,250.00
479  2026-06-18 21:00:00  NAS100 30,151.00 30,417.90 30,131.70 30,389.30  240.30        0.80 147,638.00
480  2026-06-19 01:00:00  NAS100 30,389.90 30,464.45 30,326.90 30,407.30   18.00        0.06  90,070.00
481  2026-06-19 05:00:00  NAS100 30,434.50 30,456.75 30,279.00 30,281.45 -125.85       -0.41  78,509.00
482  2026-06-19 09:00:00  NAS100 30,281.65 30,305.75 30,076.20 30,168.05 -113.40       -0.37  90,924.00
483  2026-06-19 13:00:00  NAS100 30,168.20 30,351.50 30,165.25 30,312.35  144.30        0.48  69,788.00
484  2026-06-19 17:00:00  NAS100 30,312.75 30,380.25 30,214.40 30,368.90   56.55        0.19  81,269.00
485  2026-06-19 21:00:00  NAS100 30,368.20 30,390.95 30,327.15 30,333.20  -35.70       -0.12  52,250.00
486  2026-06-22 05:00:00  NAS100 30,234.00 30,344.80 30,024.25 30,293.55  -39.65       -0.13 108,062.00
487  2026-06-22 09:00:00  NAS100 30,293.75 30,349.50 30,211.00 30,327.25   33.70        0.11  92,838.00
488  2026-06-22 13:00:00  NAS100 30,327.60 30,467.70 30,324.00 30,386.50   59.25        0.20  85,783.00
489  2026-06-22 17:00:00  NAS100 30,385.65 30,622.45 30,385.65 30,621.40  234.90        0.77 101,080.00
490  2026-06-22 21:00:00  NAS100 30,622.00 30,654.10 30,189.80 30,301.25 -320.15       -1.05 150,043.00
491  2026-06-23 01:00:00  NAS100 30,301.40 30,363.80 30,221.10 30,349.80   48.55        0.16  87,412.00
492  2026-06-23 05:00:00  NAS100 30,338.60 30,386.20 30,094.25 30,147.30 -202.50       -0.67  92,913.00
493  2026-06-23 09:00:00  NAS100 30,148.70 30,161.15 29,780.60 29,795.20 -352.10       -1.17 116,485.00
494  2026-06-23 13:00:00  NAS100 29,795.40 29,820.75 29,464.30 29,573.80 -221.40       -0.74 121,558.00
495  2026-06-23 17:00:00  NAS100 29,574.90 29,620.10 29,304.90 29,617.40   43.60        0.15 121,186.00
496  2026-06-23 21:00:00  NAS100 29,613.10 29,733.50 29,383.50 29,419.95 -197.45       -0.67 152,062.00
497  2026-06-24 01:00:00  NAS100 29,423.30 29,469.50 29,264.90 29,433.85   13.90        0.05  95,133.00
498  2026-06-24 05:00:00  NAS100 29,471.20 29,590.95 29,287.25 29,527.00   93.15        0.32 111,109.00
499  2026-06-24 09:00:00  NAS100 29,526.60 29,537.60 29,315.50 29,411.20 -115.80       -0.39  56,048.00

==================================================
      HOÀN THÀNH PHÂN TÍCH          
==================================================
