--- [ LỊCH SỬ GIÁ NAS100  ] ---
           time  symbol      open      high       low     close    change  pct_change       volume
0    2022-07-04  NAS100 11,606.00 12,211.00 11,389.25 12,152.00    540.75        4.66 2,631,757.00
1    2022-07-11  NAS100 12,149.75 12,149.75 11,479.25 12,007.50   -144.50       -1.19 3,134,095.00
2    2022-07-18  NAS100 12,043.50 12,698.50 11,857.00 12,423.50    416.00        3.46 3,022,488.00
3    2022-07-25  NAS100 12,444.50 13,012.00 12,072.00 12,971.50    548.00        4.41 2,900,465.00
4    2022-08-01  NAS100 12,981.00 13,384.50 12,814.75 13,228.75    257.25        1.98 3,217,603.00
5    2022-08-08  NAS100 13,227.75 13,583.25 12,963.25 13,577.75    349.00        2.64 2,868,418.00
6    2022-08-15  NAS100 13,571.50 13,740.75 13,228.75 13,268.50   -309.25       -2.28 2,779,685.00
7    2022-08-22  NAS100 13,226.50 13,226.50 12,557.50 12,620.50   -648.00       -4.88 2,970,979.00
8    2022-08-29  NAS100 12,485.00 12,658.25 12,017.75 12,104.25   -516.25       -4.09 3,819,099.00
9    2022-09-05  NAS100 12,110.50 12,613.75 11,921.50 12,592.50    488.25        4.03 2,845,617.00
10   2022-09-12  NAS100 12,626.00 12,987.00 11,778.50 11,933.50   -659.00       -5.23 3,346,058.00
11   2022-09-19  NAS100 11,920.00 12,140.50 11,229.00 11,376.75   -556.75       -4.67 3,746,068.00
12   2022-09-26  NAS100 11,362.50 11,613.50 11,024.25 11,035.50   -341.25       -3.00 4,318,659.00
13   2022-10-03  NAS100 11,030.00 11,729.75 10,890.75 11,101.50     66.00        0.60 3,764,410.00
14   2022-10-10  NAS100 11,067.75 11,253.50 10,484.75 10,744.00   -357.50       -3.22 4,216,621.00
15   2022-10-17  NAS100 10,720.00 11,431.75 10,713.00 11,358.50    614.50        5.72 3,785,335.00
16   2022-10-24  NAS100 11,393.75 11,734.00 10,921.50 11,587.00    228.50        2.01 3,657,196.00
17   2022-10-31  NAS100 11,592.50 11,619.00 10,636.00 10,890.25   -696.75       -6.01 3,570,204.00
18   2022-11-07  NAS100 10,786.50 11,876.75 10,751.00 11,848.00    957.75        8.79 3,497,035.00
19   2022-11-14  NAS100 11,791.00 12,118.75 11,528.25 11,708.00   -140.00       -1.18 3,170,706.00
20   2022-11-21  NAS100 11,723.00 11,933.00 11,526.50 11,782.75     74.75        0.64 1,736,068.00
21   2022-11-28  NAS100 11,731.25 12,145.00 11,465.00 12,010.25    227.50        1.93 3,048,783.00
22   2022-12-05  NAS100 12,000.50 12,015.75 11,422.50 11,569.75   -440.50       -3.67 2,934,764.00
23   2022-12-12  NAS100 11,553.00 12,339.00 11,275.50 11,344.75   -225.00       -1.94 3,063,511.00
24   2022-12-19  NAS100 11,328.75 11,411.00 10,870.50 11,075.25   -269.50       -2.38 3,067,966.00
25   2022-12-27  NAS100 11,104.00 11,183.75 10,758.75 11,022.25    -53.00       -0.48 2,067,859.00
26   2023-01-03  NAS100 11,122.50 11,182.00 10,751.00 11,113.50     91.25        0.83 2,846,468.00
27   2023-01-09  NAS100 11,126.50 11,619.50 11,094.00 11,608.00    494.50        4.45 2,942,325.00
28   2023-01-16  NAS100 11,613.50 11,759.50 11,308.50 11,677.00     69.00        0.59 2,368,293.00
29   2023-01-23  NAS100 11,676.75 12,308.50 11,604.50 12,222.25    545.25        4.67 2,948,327.00
30   2023-01-30  NAS100 12,212.50 12,949.75 11,871.00 12,624.00    401.75        3.29 3,530,415.00
31   2023-02-06  NAS100 12,572.00 12,818.50 12,243.25 12,346.25   -277.75       -2.20 3,083,146.00
32   2023-02-13  NAS100 12,357.50 12,792.75 12,265.25 12,390.00     43.75        0.35 3,067,303.00
33   2023-02-20  NAS100 12,380.00 12,417.75 11,923.00 11,997.00   -393.00       -3.17 2,534,785.00
34   2023-02-27  NAS100 12,003.00 12,329.00 11,832.50 12,311.25    314.25        2.62 3,412,104.00
35   2023-03-06  NAS100 12,306.25 12,486.25 11,795.00 11,840.25   -471.00       -3.83 3,618,978.00
36   2023-03-13  NAS100 11,894.75 12,811.25 11,674.25 12,644.75    804.50        6.79 3,745,978.00
37   2023-03-20  NAS100 12,690.00 13,082.00 12,525.25 12,890.25    245.50        1.94 3,488,346.00
38   2023-03-27  NAS100 12,916.00 13,311.50 12,634.25 13,301.75    411.50        3.19 2,875,021.00
39   2023-04-03  NAS100 13,262.00 13,348.75 12,953.25 13,170.75   -131.00       -0.98 2,353,982.00
40   2023-04-10  NAS100 13,179.75 13,255.00 12,925.50 13,181.25     10.50        0.08 2,972,886.00
41   2023-04-17  NAS100 13,212.50 13,298.75 12,982.50 13,090.50    -90.75       -0.69 2,921,197.00
42   2023-04-24  NAS100 13,070.00 13,336.00 12,800.00 13,320.25    229.75        1.76 3,430,975.00
43   2023-05-01  NAS100 13,317.00 13,370.25 13,001.75 13,317.75     -2.50       -0.02 3,031,247.00
44   2023-05-08  NAS100 13,316.00 13,494.25 13,202.75 13,396.25     78.50        0.59 3,179,435.00
45   2023-05-15  NAS100 13,378.75 13,960.25 13,350.00 13,858.00    461.75        3.45 3,088,226.00
46   2023-05-22  NAS100 13,805.50 14,369.00 13,566.50 14,332.50    474.50        3.42 3,449,882.00
47   2023-05-29  NAS100 14,437.50 14,627.75 14,248.25 14,575.25    242.75        1.69 2,808,246.00
48   2023-06-05  NAS100 14,577.00 14,694.75 14,256.75 14,556.25    -19.00       -0.13 3,175,605.00
49   2023-06-12  NAS100 14,560.25 15,475.50 14,554.25 15,268.00    711.75        4.89 3,224,228.00
50   2023-06-19  NAS100 15,303.25 15,322.50 14,964.00 15,058.25   -209.75       -1.37 2,525,195.00
51   2023-06-26  NAS100 15,057.75 15,376.75 14,853.50 15,337.00    278.75        1.85 3,004,926.00
52   2023-07-03  NAS100 15,331.00 15,432.00 15,111.50 15,181.75   -155.25       -1.01 1,914,721.00
53   2023-07-10  NAS100 15,198.50 15,857.25 15,063.25 15,694.25    512.50        3.38 3,005,901.00
54   2023-07-17  NAS100 15,690.00 16,062.75 15,522.25 15,540.00   -154.25       -0.98 3,352,568.00
55   2023-07-24  NAS100 15,556.00 15,904.00 15,483.75 15,847.50    307.50        1.98 3,336,406.00
56   2023-07-31  NAS100 15,850.00 15,917.00 15,336.50 15,354.00   -493.50       -3.11 3,259,125.00
57   2023-08-07  NAS100 15,370.50 15,497.75 15,037.25 15,095.75   -258.25       -1.68 3,290,907.00
58   2023-08-14  NAS100 15,104.00 15,335.00 14,609.25 14,744.00   -351.75       -2.33 3,202,477.00
59   2023-08-21  NAS100 14,762.50 15,418.00 14,720.50 14,979.25    235.25        1.60 3,542,778.00
60   2023-08-28  NAS100 14,991.00 15,661.25 14,973.50 15,516.25    537.00        3.58 2,950,191.00
61   2023-09-04  NAS100 15,517.00 15,586.75 15,157.50 15,297.50   -218.75       -1.41 2,444,758.00
62   2023-09-11  NAS100 15,308.00 15,719.75 15,298.00 15,392.25     94.75        0.62 3,164,664.00
63   2023-09-18  NAS100 15,382.25 15,461.00 14,836.25 14,869.50   -522.75       -3.40 2,993,865.00
64   2023-09-25  NAS100 14,880.25 15,060.75 14,586.00 14,866.50     -3.00       -0.02 3,432,689.00
65   2023-10-02  NAS100 14,965.00 15,160.25 14,589.00 15,112.00    245.50        1.65 3,846,180.00
66   2023-10-09  NAS100 15,040.25 15,468.75 14,949.50 15,120.25      8.25        0.05 3,405,149.00
67   2023-10-16  NAS100 15,120.00 15,336.75 14,645.00 14,664.00   -456.25       -3.02 4,142,867.00
68   2023-10-23  NAS100 14,680.00 14,948.75 14,140.25 14,265.25   -398.75       -2.72 4,059,162.00
69   2023-10-30  NAS100 14,336.00 15,228.50 14,303.00 15,178.75    913.50        6.40 3,445,598.00
70   2023-11-06  NAS100 15,187.00 15,612.75 15,138.00 15,596.25    417.50        2.75 3,019,155.00
71   2023-11-13  NAS100 15,586.25 16,049.50 15,465.25 15,895.75    299.50        1.92 3,070,988.00
72   2023-11-20  NAS100 15,895.00 16,173.50 15,837.25 16,021.00    125.25        0.79 2,056,101.00
73   2023-11-27  NAS100 16,008.00 16,208.50 15,856.00 16,023.75      2.75        0.02 3,050,933.00
74   2023-12-04  NAS100 16,022.00 16,118.75 15,721.25 16,098.25     74.50        0.46 3,301,339.00
75   2023-12-11  NAS100 16,093.00 16,887.25 16,045.50 16,820.25    722.00        4.48 3,136,323.00
76   2023-12-18  NAS100 16,820.25 17,073.50 16,758.50 16,980.00    159.75        0.95 2,740,956.00
77   2023-12-26  NAS100 16,964.50 17,165.25 16,938.25 17,023.50     43.50        0.26 1,544,958.00
78   2024-01-02  NAS100 17,019.00 17,038.50 16,334.25 16,460.25   -563.25       -3.31 2,516,872.00
79   2024-01-08  NAS100 16,470.00 17,057.00 16,378.25 16,969.25    509.00        3.09 3,056,410.00
80   2024-01-15  NAS100 16,961.75 17,471.25 16,689.25 17,438.50    469.25        2.77 3,149,166.00
81   2024-01-22  NAS100 17,466.00 17,793.50 17,409.50 17,527.00     88.50        0.51 3,209,231.00
82   2024-01-29  NAS100 17,502.00 17,775.50 17,221.50 17,732.75    205.75        1.17 3,405,409.00
83   2024-02-05  NAS100 17,696.00 18,071.00 17,554.25 18,039.25    306.50        1.73 2,828,805.00
84   2024-02-12  NAS100 18,040.00 18,121.50 17,542.00 17,744.00   -295.25       -1.64 3,486,846.00
85   2024-02-19  NAS100 17,729.25 18,144.75 17,372.75 17,991.00    247.00        1.39 3,039,699.00
86   2024-02-26  NAS100 17,961.50 18,372.75 17,826.00 18,338.25    347.25        1.93 2,967,018.00
87   2024-03-04  NAS100 18,336.00 18,436.50 17,832.50 18,046.75   -291.50       -1.59 3,986,676.00
88   2024-03-11  NAS100 18,056.00 18,506.75 17,890.50 18,058.75     12.00        0.07 3,514,641.00
89   2024-03-18  NAS100 18,073.50 18,709.00 18,053.25 18,574.75    516.00        2.86 3,054,753.00
90   2024-03-25  NAS100 18,567.00 18,619.00 18,378.50 18,475.00    -99.75       -0.54 2,093,584.00
91   2024-04-01  NAS100 18,503.00 18,612.00 18,051.50 18,300.75   -174.25       -0.94 3,375,435.00
92   2024-04-08  NAS100 18,348.25 18,518.75 18,053.50 18,179.25   -121.50       -0.66 3,616,912.00
93   2024-04-15  NAS100 18,151.00 18,350.75 17,113.25 17,180.75   -998.50       -5.49 4,187,722.00
94   2024-04-22  NAS100 17,228.25 17,901.50 17,148.50 17,845.75    665.00        3.87 3,363,596.00
95   2024-04-29  NAS100 17,864.75 18,050.25 17,386.25 18,000.75    155.00        0.87 3,190,014.00
96   2024-05-06  NAS100 18,047.50 18,348.00 17,983.75 18,255.00    254.25        1.41 2,264,002.00
97   2024-05-13  NAS100 18,238.00 18,760.75 18,165.50 18,635.25    380.25        2.08 2,610,083.00
98   2024-05-20  NAS100 18,633.50 19,023.25 18,621.50 18,876.00    240.75        1.29 2,878,596.00
99   2024-05-27  NAS100 18,874.75 18,980.50 18,241.25 18,591.00   -285.00       -1.51 2,670,443.00
100  2024-06-03  NAS100 18,590.25 19,155.00 18,435.75 19,037.75    446.75        2.40 2,997,967.00
101  2024-06-10  NAS100 19,025.00 19,699.50 18,974.25 19,685.50    647.75        3.40 2,996,464.00
102  2024-06-17  NAS100 19,954.75 20,371.00 19,904.00 19,982.75    297.25        1.51 2,714,967.00
103  2024-06-24  NAS100 20,014.75 20,273.25 19,726.00 19,927.25    -55.50       -0.28 3,188,566.00
104  2024-07-01  NAS100 19,970.00 20,639.50 19,811.75 20,620.75    693.50        3.48 2,256,154.00
105  2024-07-08  NAS100 20,591.50 20,983.75 20,335.00 20,524.00    -96.75       -0.47 3,273,961.00
106  2024-07-15  NAS100 20,580.00 20,797.00 19,654.00 19,713.00   -811.00       -3.95 3,925,874.00
107  2024-07-22  NAS100 19,749.00 20,084.75 18,883.25 19,174.50   -538.50       -2.73 3,793,373.00
108  2024-07-29  NAS100 19,171.75 19,717.00 18,385.75 18,556.25   -618.25       -3.22 3,870,109.00
109  2024-08-05  NAS100 18,390.00 18,674.50 17,351.00 18,616.00     59.75        0.32 3,525,188.00
110  2024-08-12  NAS100 18,590.00 19,683.00 18,515.00 19,605.75    989.75        5.32 2,502,814.00
111  2024-08-19  NAS100 19,629.00 20,025.25 19,525.25 19,790.75    185.00        0.94 2,605,197.00
112  2024-08-26  NAS100 19,787.75 19,846.25 19,140.25 19,623.00   -167.75       -0.85 2,617,278.00
113  2024-09-02  NAS100 19,599.00 19,683.00 18,339.75 18,458.25 -1,164.75       -5.94 2,592,033.00
114  2024-09-09  NAS100 18,400.00 19,577.25 18,386.00 19,530.25  1,072.00        5.81 2,850,784.00
115  2024-09-16  NAS100 19,498.00 20,203.00 19,299.25 20,028.25    498.00        2.55 2,503,828.00
116  2024-09-23  NAS100 20,040.00 20,538.00 19,953.00 20,221.50    193.25        0.96 2,202,512.00
117  2024-09-30  NAS100 20,198.50 20,331.75 19,818.00 20,227.25      5.75        0.03 2,735,644.00
118  2024-10-07  NAS100 20,220.00 20,508.25 19,902.50 20,450.00    222.75        1.10 2,152,251.00
119  2024-10-14  NAS100 20,432.50 20,680.00 20,206.25 20,483.50     33.50        0.16 2,256,770.00
120  2024-10-21  NAS100 20,496.25 20,707.25 20,079.00 20,498.75     15.25        0.07 2,600,045.00
121  2024-10-28  NAS100 20,525.50 20,788.50 20,008.50 20,153.25   -345.50       -1.69 2,688,251.00
122  2024-11-04  NAS100 20,138.00 21,265.00 20,013.00 21,231.25  1,078.00        5.35 2,467,792.00
123  2024-11-11  NAS100 21,249.75 21,340.75 20,405.25 20,493.75   -737.50       -3.47 2,754,918.00
124  2024-11-18  NAS100 20,504.00 20,905.75 20,382.50 20,849.75    356.00        1.74 2,938,480.00
125  2024-11-25  NAS100 20,935.00 21,081.00 20,675.00 20,993.50    143.75        0.69 1,909,803.00
126  2024-12-02  NAS100 20,995.25 21,669.25 20,940.00 21,656.75    663.25        3.16 2,262,442.00
127  2024-12-09  NAS100 21,649.00 21,908.00 21,352.75 21,795.75    139.00        0.64 2,758,452.00
128  2024-12-16  NAS100 21,780.25 22,425.75 21,006.50 21,566.50   -229.25       -1.05 3,392,406.00
129  2024-12-23  NAS100 21,566.00 22,111.25 21,476.75 21,698.50    132.00        0.61 1,749,519.00
130  2024-12-30  NAS100 21,711.00 21,742.75 20,983.75 21,516.50   -182.00       -0.84 2,161,240.00
131  2025-01-06  NAS100 21,532.25 21,896.75 20,874.75 21,016.00   -500.50       -2.33 2,637,692.00
132  2025-01-13  NAS100 21,027.50 21,682.50 20,694.00 21,594.75    578.75        2.75 3,037,794.00
133  2025-01-20  NAS100 21,600.00 22,093.50 21,377.75 21,911.25    316.50        1.47 2,170,109.00
134  2025-01-27  NAS100 21,771.00 21,966.00 20,763.75 21,589.25   -322.00       -1.47 3,622,987.00
135  2025-02-03  NAS100 21,200.00 21,968.00 20,943.00 21,590.75      1.50        0.01 2,760,536.00
136  2025-02-10  NAS100 21,463.25 22,225.00 21,418.00 22,196.25    605.50        2.80 2,330,184.00
137  2025-02-17  NAS100 22,235.75 22,319.75 21,652.75 21,679.25   -517.00       -2.33 2,335,579.00
138  2025-02-24  NAS100 21,700.75 21,813.00 20,460.50 20,919.50   -759.75       -3.50 3,822,618.00
139  2025-03-03  NAS100 21,005.25 21,121.00 19,765.50 20,229.75   -689.75       -3.30 4,101,157.00
140  2025-03-10  NAS100 20,147.00 20,156.50 19,139.25 19,712.00   -517.75       -2.56 3,862,753.00
141  2025-03-17  NAS100 19,668.25 20,143.00 19,550.50 19,961.00    249.00        1.26 2,941,749.00
142  2025-03-24  NAS100 20,050.50 20,536.75 19,357.50 19,457.00   -504.00       -2.52 2,977,749.00
143  2025-03-31  NAS100 19,319.75 20,044.25 17,387.50 17,539.00 -1,918.00       -9.86 4,562,474.00
144  2025-04-07  NAS100 17,100.00 19,386.75 16,460.00 18,807.50  1,268.50        7.23 4,826,681.00
145  2025-04-14  NAS100 19,225.00 19,256.00 18,116.25 18,380.75   -426.75       -2.27 2,408,843.00
146  2025-04-21  NAS100 18,306.25 19,589.00 17,700.00 19,535.25  1,154.50        6.28 3,024,919.00
147  2025-04-28  NAS100 19,524.50 20,276.75 19,103.75 20,195.25    660.00        3.38 2,900,362.00
148  2025-05-05  NAS100 20,181.50 20,337.25 19,678.75 20,136.75    -58.50       -0.29 2,552,044.00
149  2025-05-12  NAS100 20,398.50 21,529.75 20,376.75 21,506.00  1,369.25        6.80 2,641,095.00
150  2025-05-19  NAS100 21,310.75 21,562.25 20,727.00 20,975.00   -531.00       -2.47 2,604,504.00
151  2025-05-26  NAS100 20,978.00 21,858.75 20,954.25 21,376.75    401.75        1.92 2,067,991.00
152  2025-06-02  NAS100 21,303.75 21,935.00 21,163.00 21,789.50    412.75        1.93 2,198,646.00
153  2025-06-09  NAS100 21,799.25 22,106.00 21,471.00 21,644.25   -145.25       -0.67 2,271,950.00
154  2025-06-16  NAS100 21,772.50 22,222.00 21,650.25 21,844.75    200.50        0.93 2,028,291.00
155  2025-06-23  NAS100 21,648.25 22,825.50 21,566.75 22,751.50    906.75        4.15 2,305,584.00
156  2025-06-30  NAS100 22,751.50 23,102.50 22,582.00 23,062.50    311.00        1.37 1,607,286.00
157  2025-07-04  NAS100 22,970.00 23,112.00 22,779.75 22,959.00   -103.50       -0.45 2,262,205.00
158  2025-07-14  NAS100 22,860.75 23,320.75 22,803.00 23,224.25    265.25        1.16 2,383,117.00
159  2025-07-21  NAS100 23,232.50 23,476.00 23,108.00 23,421.25    197.00        0.85 2,280,653.00
160  2025-07-28  NAS100 23,520.00 23,845.00 22,775.00 22,883.75   -537.50       -2.29 3,044,494.00
161  2025-08-04  NAS100 22,850.00 23,767.75 22,821.75 23,713.75    830.00        3.63 2,558,767.00
162  2025-08-11  NAS100 23,764.00 24,068.50 23,587.50 23,804.00     90.25        0.38 2,320,003.00
163  2025-08-18  NAS100 23,795.00 23,881.75 23,035.00 23,569.75   -234.25       -0.98 2,687,569.00
164  2025-08-25  NAS100 23,602.00 23,803.75 23,371.50 23,461.75   -108.00       -0.46 2,305,217.00
165  2025-09-01  NAS100 23,479.00 23,902.00 23,025.25 23,684.00    222.25        0.95 2,466,840.00
166  2025-09-08  NAS100 23,673.50 24,159.00 23,650.25 24,113.25    429.25        1.81 2,323,164.00
167  2025-09-15  NAS100 24,115.25 24,888.00 24,076.00 24,866.25    753.00        3.12 2,471,143.00
168  2025-09-22  NAS100 24,850.00 25,027.25 24,422.50 24,726.75   -139.50       -0.56 2,834,722.00
169  2025-09-29  NAS100 24,726.50 25,196.50 24,633.25 24,992.00    265.25        1.07 2,447,304.00
170  2025-10-06  NAS100 25,000.00 25,394.00 24,158.50 24,397.00   -595.00       -2.38 2,840,955.00
171  2025-10-13  NAS100 24,542.00 25,179.50 24,410.00 24,986.50    589.50        2.42 3,782,909.00
172  2025-10-20  NAS100 25,065.75 25,570.75 24,804.75 25,509.25    522.75        2.09 2,568,903.00
173  2025-10-27  NAS100 25,723.50 26,399.00 25,700.00 26,004.00    494.75        1.94 2,708,914.00
174  2025-11-03  NAS100 26,028.25 26,266.00 24,709.25 25,166.25   -837.75       -3.22 3,280,939.00
175  2025-11-10  NAS100 25,320.75 25,830.00 24,626.00 25,094.00    -72.25       -0.29 3,407,876.00
176  2025-11-17  NAS100 25,142.25 25,361.25 23,904.50 24,305.50   -788.50       -3.14 4,295,065.00
177  2025-11-24  NAS100 24,455.75 25,499.75 24,361.75 25,482.00  1,176.50        4.84 1,955,364.00
178  2025-12-01  NAS100 25,482.50 25,868.00 25,193.25 25,732.00    250.00        0.98 2,638,669.00
179  2025-12-08  NAS100 25,750.00 25,870.75 25,118.00 25,213.50   -518.50       -2.02 2,835,719.00
180  2025-12-15  NAS100 25,223.50 25,600.25 24,887.75 25,574.75    361.25        1.43 3,027,878.00
181  2025-12-22  NAS100 25,635.25 25,935.25 25,608.25 25,863.25    288.50        1.13 1,107,190.00
182  2025-12-29  NAS100 25,863.25 25,893.75 25,265.25 25,385.25   -478.00       -1.85 1,531,803.00
183  2026-01-05  NAS100 25,431.75 25,996.25 25,406.50 25,938.25    553.00        2.18 2,405,213.00
184  2026-01-12  NAS100 25,949.00 26,045.50 25,420.75 25,689.00   -249.25       -0.96 2,742,936.00
185  2026-01-19  NAS100 25,471.00 25,845.75 25,025.00 25,738.25     49.25        0.19 2,713,829.00
186  2026-01-26  NAS100 25,585.50 26,349.00 25,365.25 25,670.00    -68.25       -0.27 2,802,981.00
187  2026-02-02  NAS100 25,530.00 26,027.75 24,239.75 25,163.25   -506.75       -1.97 3,446,086.00
188  2026-02-09  NAS100 25,153.75 25,465.25 24,578.75 24,803.25   -360.00       -1.43 2,858,154.00
189  2026-02-16  NAS100 24,789.75 25,139.50 24,449.25 25,067.50    264.25        1.07 2,423,838.00
190  2026-02-23  NAS100 25,033.75 25,494.75 24,668.00 25,004.75    -62.75       -0.25 2,699,220.00
191  2026-03-02  NAS100 24,682.50 25,250.00 24,352.00 24,670.25   -334.50       -1.34 3,279,711.00
192  2026-03-09  NAS100 24,435.25 25,217.50 24,000.00 24,394.25   -276.00       -1.12 2,924,158.00
193  2026-03-16  NAS100 24,285.00 25,210.50 23,971.25 24,101.50   -292.75       -1.20 2,636,874.00
194  2026-03-23  NAS100 23,902.00 24,763.00 23,232.50 23,328.50   -773.00       -3.21 2,869,860.00
195  2026-03-30  NAS100 23,189.50 24,348.25 22,961.50 24,129.75    801.25        3.43 2,513,635.00
196  2026-04-06  NAS100 24,093.50 25,393.00 23,941.50 25,281.25  1,151.50        4.77 2,609,727.00
197  2026-04-13  NAS100 24,980.00 26,884.75 24,904.50 26,825.50  1,544.25        6.11 2,666,913.00

198  2026-04-20  NAS100 26,599.75 27,462.50 26,535.00 27,435.00    609.50        2.27 2,757,505.00
199  2026-04-27  NAS100 27,403.25 27,542.50 27,298.50 27,457.25     22.25        0.08   452,658.00