==================================================
      VNSTOCK 3.x MULTI-STOCK DEMO               
      Danh sách: NAS100
      Khung: 1D, Số lượng: 1000
==================================================

==================================================
      PHÂN TÍCH MÃ: NAS100 (Nasdaq 100 Futures) 
      Khung thời gian: 1D
==================================================

--- [ LỊCH SỬ GIÁ NAS100  ] ---
           time  symbol      open      high       low     close    change  pct_change       volume
0    2022-05-04  NAS100 13,121.00 13,555.25 12,883.00 13,531.25    443.75        3.39   703,191.00
1    2022-05-05  NAS100 13,500.25 13,548.00 12,705.25 12,858.00   -673.25       -4.98   877,795.00
2    2022-05-06  NAS100 12,883.25 12,928.75 12,519.00 12,695.75   -162.25       -1.26   852,234.00
3    2022-05-09  NAS100 12,605.00 12,637.25 12,135.25 12,193.75   -502.00       -3.95   816,033.00
4    2022-05-10  NAS100 12,206.00 12,547.00 12,102.25 12,349.00    155.25        1.27   853,859.00
5    2022-05-11  NAS100 12,328.75 12,553.25 11,938.50 11,969.75   -379.25       -3.07   865,890.00
6    2022-05-12  NAS100 12,004.50 12,132.75 11,689.00 11,947.25    -22.50       -0.19   878,238.00
7    2022-05-13  NAS100 11,891.50 12,432.00 11,891.50 12,382.75    435.50        3.65   663,517.00
8    2022-05-16  NAS100 12,409.00 12,498.75 12,190.25 12,244.75   -138.00       -1.11   623,715.00
9    2022-05-17  NAS100 12,235.50 12,578.00 12,234.00 12,560.25    315.50        2.58   653,222.00
10   2022-05-18  NAS100 12,572.00 12,594.00 11,862.75 11,935.50   -624.75       -4.97   735,386.00
11   2022-05-19  NAS100 11,907.00 12,076.75 11,704.00 11,878.25    -57.25       -0.48   827,741.00
12   2022-05-20  NAS100 11,898.00 12,096.75 11,491.25 11,840.75    -37.50       -0.32   806,781.00
13   2022-05-23  NAS100 11,866.00 12,075.50 11,783.75 12,035.25    194.50        1.64   660,213.00
14   2022-05-24  NAS100 11,915.00 11,918.00 11,576.25 11,771.00   -264.25       -2.20   717,429.00
15   2022-05-25  NAS100 11,808.00 12,036.00 11,672.00 11,942.25    171.25        1.45   671,096.00
16   2022-05-26  NAS100 11,887.50 12,343.00 11,848.25 12,279.25    337.00        2.82   611,884.00
17   2022-05-27  NAS100 12,250.00 12,720.25 12,222.00 12,677.75    398.50        3.25   615,992.00
18   2022-05-30  NAS100 12,705.25 12,883.00 12,480.00 12,646.50    -31.25       -0.25   832,388.00
19   2022-06-01  NAS100 12,662.50 12,823.50 12,454.75 12,551.00    -95.50       -0.76   682,211.00
20   2022-06-02  NAS100 12,549.75 12,903.75 12,442.50 12,893.75    342.75        2.73   620,008.00
21   2022-06-03  NAS100 12,896.00 12,945.25 12,503.00 12,551.00   -342.75       -2.66   652,955.00
22   2022-06-06  NAS100 12,549.75 12,810.00 12,527.00 12,605.00     54.00        0.43   536,936.00
23   2022-06-07  NAS100 12,605.25 12,740.25 12,412.50 12,711.50    106.50        0.84   577,970.00
24   2022-06-08  NAS100 12,680.50 12,783.00 12,579.25 12,615.75    -95.75       -0.75   583,652.00
25   2022-06-09  NAS100 12,625.00 12,726.00 12,255.25 12,275.00   -340.75       -2.70   690,155.00
26   2022-06-10  NAS100 12,301.50 12,338.75 11,823.00 11,840.00   -435.00       -3.54   617,395.00
27   2022-06-13  NAS100 11,768.00 11,772.50 11,254.50 11,296.50   -543.50       -4.59   530,220.00
28   2022-06-14  NAS100 11,367.50 11,534.50 11,236.00 11,346.50     50.00        0.44   690,212.00
29   2022-06-15  NAS100 11,364.75 11,794.25 11,358.50 11,629.00    282.50        2.49   745,920.00
30   2022-06-16  NAS100 11,646.25 11,774.25 11,068.50 11,157.25   -471.75       -4.06   831,750.00
31   2022-06-17  NAS100 11,206.75 11,396.00 11,119.00 11,296.75    139.50        1.25   731,831.00
32   2022-06-20  NAS100 11,332.50 11,678.25 11,273.75 11,577.25    280.50        2.48   657,209.00
33   2022-06-22  NAS100 11,579.75 11,745.75 11,320.50 11,565.75    -11.50       -0.10   638,960.00
34   2022-06-23  NAS100 11,542.75 11,766.75 11,460.50 11,737.50    171.75        1.48   630,125.00
35   2022-06-24  NAS100 11,687.75 12,148.50 11,684.75 12,140.50    403.00        3.43   563,303.00
36   2022-06-27  NAS100 12,137.50 12,262.00 11,994.25 12,040.50   -100.00       -0.82   565,803.00
37   2022-06-28  NAS100 12,076.25 12,174.25 11,661.50 11,674.25   -366.25       -3.04   634,694.00
38   2022-06-29  NAS100 11,680.50 11,749.00 11,564.50 11,691.00     16.75        0.14   590,173.00
39   2022-06-30  NAS100 11,691.50 11,696.75 11,351.00 11,529.50   -161.50       -1.38   738,071.00
40   2022-07-01  NAS100 11,507.50 11,629.75 11,381.75 11,611.25     81.75        0.71   605,401.00
41   2022-07-04  NAS100 11,606.00 11,815.75 11,389.25 11,808.50    197.25        1.70   790,937.00
42   2022-07-06  NAS100 11,820.25 11,974.25 11,727.75 11,880.25     71.75        0.61   649,912.00
43   2022-07-07  NAS100 11,901.25 12,168.50 11,836.50 12,138.50    258.25        2.17   550,463.00
44   2022-07-08  NAS100 12,115.00 12,211.00 11,952.50 12,152.00     13.50        0.11   640,445.00
45   2022-07-11  NAS100 12,149.75 12,149.75 11,853.00 11,884.25   -267.75       -2.20   578,336.00
46   2022-07-12  NAS100 11,900.50 12,025.50 11,712.00 11,779.00   -105.25       -0.89   607,949.00
47   2022-07-13  NAS100 11,780.00 11,970.00 11,479.25 11,762.25    -16.75       -0.14   732,270.00
48   2022-07-14  NAS100 11,729.50 11,835.00 11,511.25 11,797.50     35.25        0.30   654,560.00
49   2022-07-15  NAS100 11,810.50 12,021.50 11,740.25 12,007.50    210.00        1.78   560,980.00
50   2022-07-18  NAS100 12,043.50 12,186.50 11,857.00 11,907.00   -100.50       -0.84   553,676.00
51   2022-07-19  NAS100 11,909.50 12,328.50 11,889.50 12,274.00    367.00        3.08   585,591.00
52   2022-07-20  NAS100 12,330.50 12,517.50 12,235.75 12,465.25    191.25        1.56   643,607.00
53   2022-07-21  NAS100 12,440.00 12,655.25 12,373.50 12,640.00    174.75        1.40   605,066.00
54   2022-07-22  NAS100 12,559.25 12,698.50 12,343.75 12,423.50   -216.50       -1.71   634,548.00
55   2022-07-25  NAS100 12,444.50 12,498.50 12,266.50 12,354.50    -69.00       -0.56   491,612.00
56   2022-07-26  NAS100 12,311.25 12,334.00 12,072.00 12,112.50   -242.00       -1.96   536,287.00
57   2022-07-27  NAS100 12,192.00 12,690.00 12,191.75 12,619.00    506.50        4.18   634,889.00
58   2022-07-28  NAS100 12,580.00 12,948.00 12,449.00 12,737.50    118.50        0.94   645,261.00
59   2022-07-29  NAS100 12,920.25 13,012.00 12,744.25 12,971.50    234.00        1.84   592,416.00
60   2022-08-01  NAS100 12,981.00 13,108.75 12,851.75 12,962.50     -9.00       -0.07   622,511.00
61   2022-08-02  NAS100 12,974.25 13,097.00 12,814.75 12,924.50    -38.00       -0.29   674,564.00
62   2022-08-03  NAS100 12,921.00 13,310.25 12,867.25 13,271.50    347.00        2.68   690,056.00
63   2022-08-04  NAS100 13,247.00 13,356.00 13,184.75 13,327.00     55.50        0.42   542,680.00
64   2022-08-05  NAS100 13,327.25 13,384.50 13,085.00 13,228.75    -98.25       -0.74   687,792.00
65   2022-08-08  NAS100 13,227.75 13,419.25 13,120.50 13,183.25    -45.50       -0.34   597,182.00
66   2022-08-09  NAS100 13,206.25 13,233.75 12,963.25 13,031.50   -151.75       -1.15   553,704.00
67   2022-08-10  NAS100 13,050.00 13,408.00 12,982.00 13,392.00    360.50        2.77   602,069.00
68   2022-08-11  NAS100 13,380.50 13,575.00 13,285.00 13,311.25    -80.75       -0.60   614,816.00
69   2022-08-12  NAS100 13,344.25 13,583.25 13,312.00 13,577.75    266.50        2.00   500,647.00
70   2022-08-15  NAS100 13,571.50 13,706.00 13,495.25 13,681.25    103.50        0.76   463,768.00
71   2022-08-16  NAS100 13,674.75 13,740.75 13,522.75 13,658.25    -23.00       -0.17   555,979.00
72   2022-08-17  NAS100 13,658.00 13,672.00 13,406.25 13,493.25   -165.00       -1.21   610,667.00
73   2022-08-18  NAS100 13,503.00 13,575.50 13,410.75 13,523.25     30.00        0.22   530,513.00
74   2022-08-19  NAS100 13,534.25 13,534.50 13,228.75 13,268.50   -254.75       -1.88   618,758.00
75   2022-08-22  NAS100 13,226.50 13,226.50 12,874.50 12,909.75   -358.75       -2.70   599,946.00
76   2022-08-23  NAS100 12,933.75 13,018.50 12,823.50 12,896.50    -13.25       -0.10   570,278.00
77   2022-08-24  NAS100 12,892.00 13,011.25 12,825.75 12,929.75     33.25        0.26   503,227.00
78   2022-08-25  NAS100 12,944.00 13,161.50 12,925.00 13,156.00    226.25        1.75   543,666.00
79   2022-08-26  NAS100 13,153.75 13,220.00 12,557.50 12,620.50   -535.50       -4.07   753,862.00
80   2022-08-29  NAS100 12,485.00 12,610.25 12,401.50 12,492.75   -127.75       -1.01   693,093.00
81   2022-08-30  NAS100 12,503.50 12,658.25 12,247.50 12,358.75   -134.00       -1.07   797,462.00
82   2022-08-31  NAS100 12,366.00 12,513.00 12,276.25 12,285.25    -73.50       -0.59   672,068.00
83   2022-09-01  NAS100 12,284.75 12,299.50 12,017.75 12,292.25      7.00        0.06   820,606.00
84   2022-09-02  NAS100 12,297.75 12,461.50 12,040.25 12,104.25   -188.00       -1.53   835,870.00
85   2022-09-05  NAS100 12,110.50 12,244.50 11,930.00 12,019.00    -85.25       -0.70   895,450.00
86   2022-09-07  NAS100 12,019.75 12,306.25 11,921.50 12,263.25    244.25        2.03   677,159.00
87   2022-09-08  NAS100 12,267.75 12,379.50 12,115.75 12,321.75     58.50        0.48   737,024.00
88   2022-09-09  NAS100 12,345.25 12,613.75 12,329.50 12,592.50    270.75        2.20   535,984.00
89   2022-09-12  NAS100 12,626.00 12,773.75 12,573.25 12,740.75    148.25        1.18   444,255.00
90   2022-09-13  NAS100 12,854.00 12,987.00 12,082.25 12,115.75   -625.00       -4.91   718,899.00
91   2022-09-14  NAS100 12,128.00 12,253.00 12,080.25 12,222.25    106.50        0.88   677,897.00
92   2022-09-15  NAS100 12,234.00 12,268.75 11,937.50 12,007.50   -214.75       -1.76   750,084.00
93   2022-09-16  NAS100 11,951.50 11,961.25 11,778.50 11,933.50    -74.00       -0.62   754,923.00
94   2022-09-19  NAS100 11,920.00 12,066.25 11,792.25 12,024.00     90.50        0.76   632,663.00
95   2022-09-20  NAS100 12,045.75 12,092.50 11,828.25 11,922.25   -101.75       -0.85   704,882.00
96   2022-09-21  NAS100 11,946.00 12,140.50 11,647.50 11,710.00   -212.25       -1.78   822,965.00
97   2022-09-22  NAS100 11,661.25 11,796.00 11,510.00 11,565.50   -144.50       -1.23   786,180.00
98   2022-09-23  NAS100 11,583.75 11,600.25 11,229.00 11,376.75   -188.75       -1.63   799,378.00
99   2022-09-26  NAS100 11,362.50 11,537.75 11,256.50 11,316.25    -60.50       -0.53   809,853.00
100  2022-09-27  NAS100 11,315.50 11,568.25 11,233.50 11,333.75     17.50        0.15   841,073.00
101  2022-09-28  NAS100 11,361.00 11,613.50 11,141.50 11,555.75    222.00        1.96   897,742.00
102  2022-09-29  NAS100 11,544.00 11,567.25 11,091.50 11,228.25   -327.50       -2.83   891,823.00
103  2022-09-30  NAS100 11,220.00 11,357.25 11,024.25 11,035.50   -192.75       -1.72   878,168.00
104  2022-10-03  NAS100 11,030.00 11,358.25 10,890.75 11,285.75    250.25        2.27   757,581.00
105  2022-10-04  NAS100 11,314.50 11,675.00 11,281.50 11,640.75    355.00        3.15   772,885.00
106  2022-10-05  NAS100 11,630.25 11,711.00 11,366.50 11,623.75    -17.00       -0.15   700,889.00
107  2022-10-06  NAS100 11,628.00 11,729.75 11,505.25 11,541.75    -82.00       -0.71   773,914.00
108  2022-10-07  NAS100 11,494.50 11,564.50 11,043.25 11,101.50   -440.25       -3.81   759,141.00
109  2022-10-10  NAS100 11,067.75 11,136.50 10,876.75 10,984.50   -117.00       -1.05   757,732.00
110  2022-10-11  NAS100 10,987.00 11,039.50 10,767.25 10,845.00   -139.50       -1.27   833,906.00
111  2022-10-12  NAS100 10,875.00 10,976.75 10,805.50 10,840.50     -4.50       -0.04   731,214.00
112  2022-10-13  NAS100 10,859.00 11,142.75 10,484.75 11,083.75    243.25        2.24 1,050,244.00
113  2022-10-14  NAS100 11,064.75 11,253.50 10,726.75 10,744.00   -339.75       -3.07   843,525.00
114  2022-10-17  NAS100 10,720.00 11,146.25 10,713.00 11,110.25    366.25        3.41   638,720.00
115  2022-10-18  NAS100 11,161.25 11,431.75 11,081.50 11,198.75     88.50        0.80   832,215.00
116  2022-10-19  NAS100 11,320.25 11,382.75 11,049.00 11,153.25    -45.50       -0.41   733,776.00
117  2022-10-20  NAS100 11,134.00 11,328.75 11,008.00 11,090.75    -62.50       -0.56   739,672.00
118  2022-10-21  NAS100 11,061.25 11,386.25 10,935.50 11,358.50    267.75        2.41   840,952.00
119  2022-10-24  NAS100 11,393.75 11,530.25 11,207.75 11,478.75    120.25        1.06   715,016.00
120  2022-10-25  NAS100 11,453.75 11,734.00 11,430.25 11,713.50    234.75        2.05   660,210.00
121  2022-10-26  NAS100 11,510.00 11,703.50 11,415.00 11,446.00   -267.50       -2.28   784,638.00
122  2022-10-27  NAS100 11,417.75 11,537.50 10,921.50 11,235.25   -210.75       -1.84   769,071.00
123  2022-10-28  NAS100 11,122.75 11,626.00 11,062.00 11,587.00    351.75        3.13   728,261.00
124  2022-10-31  NAS100 11,592.50 11,595.00 11,367.25 11,447.25   -139.75       -1.21   607,680.00
125  2022-11-01  NAS100 11,455.00 11,619.00 11,288.75 11,332.00   -115.25       -1.01   605,362.00
126  2022-11-02  NAS100 11,320.25 11,460.00 10,909.00 10,944.50   -387.50       -3.42   770,983.00
127  2022-11-03  NAS100 10,938.00 10,996.00 10,708.00 10,728.00   -216.50       -1.98   705,050.00
128  2022-11-04  NAS100 10,712.00 10,974.25 10,636.00 10,890.25    162.25        1.51   881,129.00
129  2022-11-07  NAS100 10,786.50 11,038.50 10,751.00 11,014.25    124.00        1.14   554,692.00
130  2022-11-08  NAS100 11,016.00 11,231.25 10,928.75 11,094.25     80.00        0.73   728,868.00
131  2022-11-09  NAS100 11,089.25 11,164.25 10,822.25 10,830.75   -263.50       -2.38   669,071.00
132  2022-11-10  NAS100 10,841.00 11,677.00 10,808.00 11,632.25    801.50        7.40   862,147.00
133  2022-11-11  NAS100 11,669.75 11,876.75 11,569.25 11,848.00    215.75        1.85   682,257.00
134  2022-11-14  NAS100 11,791.00 11,898.50 11,702.00 11,734.75   -113.25       -0.96   576,678.00
135  2022-11-15  NAS100 11,768.50 12,118.75 11,761.75 11,904.25    169.50        1.44   771,822.00
136  2022-11-16  NAS100 11,882.00 11,963.00 11,706.50 11,739.50   -164.75       -1.38   577,864.00
137  2022-11-17  NAS100 11,777.75 11,827.50 11,528.25 11,710.50    -29.00       -0.25   658,469.00
138  2022-11-18  NAS100 11,747.75 11,843.00 11,607.00 11,708.00     -2.50       -0.02   585,873.00
139  2022-11-21  NAS100 11,723.00 11,756.00 11,553.00 11,588.00   -120.00       -1.02   477,970.00
140  2022-11-22  NAS100 11,588.00 11,759.25 11,526.50 11,754.50    166.50        1.44   531,087.00
141  2022-11-23  NAS100 11,741.50 11,892.75 11,720.00 11,862.75    108.25        0.92   474,645.00
142  2022-11-24  NAS100 11,878.00 11,933.00 11,766.25 11,782.75    -80.00       -0.67   252,366.00
143  2022-11-28  NAS100 11,731.25 11,788.50 11,575.25 11,616.25   -166.50       -1.41   506,250.00
144  2022-11-29  NAS100 11,625.00 11,704.50 11,465.00 11,524.75    -91.50       -0.79   555,859.00
145  2022-11-30  NAS100 11,520.00 12,078.50 11,497.75 12,042.25    517.50        4.49   769,082.00
146  2022-12-01  NAS100 12,079.25 12,145.00 11,943.25 12,062.75     20.50        0.17   629,297.00
147  2022-12-02  NAS100 12,039.75 12,067.75 11,740.50 12,010.25    -52.50       -0.44   588,295.00
148  2022-12-05  NAS100 12,000.50 12,015.75 11,745.50 11,805.75   -204.50       -1.70   537,924.00
149  2022-12-06  NAS100 11,812.00 11,846.25 11,502.00 11,566.00   -239.75       -2.03   657,271.00
150  2022-12-07  NAS100 11,566.00 11,596.25 11,422.50 11,509.50    -56.50       -0.49   634,691.00
151  2022-12-08  NAS100 11,500.00 11,685.75 11,433.00 11,645.50    136.00        1.18   600,826.00
152  2022-12-09  NAS100 11,641.50 11,748.00 11,517.00 11,569.75    -75.75       -0.65   504,052.00
153  2022-12-12  NAS100 11,553.00 11,716.00 11,522.75 11,711.75    142.00        1.23   354,886.00
154  2022-12-13  NAS100 11,816.75 12,339.00 11,797.25 11,958.75    247.00        2.11   759,557.00
155  2022-12-14  NAS100 11,955.00 12,069.50 11,729.00 11,869.00    -89.75       -0.75   613,152.00
156  2022-12-15  NAS100 11,884.25 11,898.00 11,404.00 11,457.00   -412.00       -3.47   670,390.00
157  2022-12-16  NAS100 11,446.50 11,491.50 11,275.50 11,344.75   -112.25       -0.98   665,526.00
158  2022-12-19  NAS100 11,328.75 11,411.00 11,131.75 11,193.25   -151.50       -1.34   562,529.00
159  2022-12-20  NAS100 11,182.50 11,247.00 11,043.50 11,175.75    -17.50       -0.16   625,090.00
160  2022-12-21  NAS100 11,206.50 11,389.75 11,181.00 11,334.50    158.75        1.42   631,322.00
161  2022-12-22  NAS100 11,357.00 11,384.75 10,870.50 11,054.25   -280.25       -2.47   714,500.00
162  2022-12-23  NAS100 11,061.00 11,143.00 10,916.25 11,075.25     21.00        0.19   534,525.00
163  2022-12-27  NAS100 11,104.00 11,183.75 10,896.00 10,915.50   -159.75       -1.44   499,799.00
164  2022-12-28  NAS100 10,915.75 10,996.50 10,758.75 10,772.75   -142.75       -1.31   635,572.00
165  2022-12-29  NAS100 10,785.75 11,071.50 10,777.50 11,032.75    260.00        2.41   470,004.00
166  2022-12-30  NAS100 11,033.50 11,051.50 10,855.50 11,022.25    -10.50       -0.10   462,484.00
167  2023-01-03  NAS100 11,122.50 11,182.00 10,844.75 10,945.50    -76.75       -0.70   657,681.00
168  2023-01-04  NAS100 10,941.25 11,068.50 10,863.50 10,999.25     53.75        0.49   758,003.00
169  2023-01-05  NAS100 10,988.50 11,046.75 10,805.00 10,820.25   -179.00       -1.63   694,452.00
170  2023-01-06  NAS100 10,838.75 11,165.75 10,751.00 11,113.50    293.25        2.71   736,332.00
171  2023-01-09  NAS100 11,126.50 11,385.50 11,120.25 11,185.50     72.00        0.65   646,318.00
172  2023-01-10  NAS100 11,184.75 11,288.75 11,094.00 11,282.00     96.50        0.86   559,281.00
173  2023-01-11  NAS100 11,282.50 11,479.50 11,239.75 11,476.50    194.50        1.72   500,153.00
174  2023-01-12  NAS100 11,474.50 11,579.75 11,291.00 11,534.25     57.75        0.50   754,571.00
175  2023-01-13  NAS100 11,528.50 11,619.50 11,389.00 11,608.00     73.75        0.64   482,002.00
176  2023-01-16  NAS100 11,613.50 11,685.00 11,510.25 11,624.50     16.50        0.14   576,141.00
177  2023-01-18  NAS100 11,619.75 11,759.50 11,468.00 11,475.75   -148.75       -1.28   619,614.00
178  2023-01-19  NAS100 11,470.50 11,487.00 11,308.50 11,356.50   -119.25       -1.04   594,769.00
179  2023-01-20  NAS100 11,401.00 11,686.75 11,365.25 11,677.00    320.50        2.82   577,769.00
180  2023-01-23  NAS100 11,676.75 11,983.00 11,650.50 11,934.00    257.00        2.20   593,978.00
181  2023-01-24  NAS100 11,933.00 12,010.50 11,835.75 11,909.50    -24.50       -0.21   511,370.00
182  2023-01-25  NAS100 11,970.50 11,976.50 11,604.50 11,873.25    -36.25       -0.30   633,473.00
183  2023-01-26  NAS100 11,874.75 12,113.00 11,867.25 12,106.75    233.50        1.97   621,434.00
184  2023-01-27  NAS100 12,049.00 12,308.50 12,016.00 12,222.25    115.50        0.95   588,072.00
185  2023-01-30  NAS100 12,212.50 12,252.00 11,960.00 11,968.00   -254.25       -2.08   634,667.00
186  2023-01-31  NAS100 11,984.00 12,156.00 11,871.00 12,152.00    184.00        1.54   585,202.00
187  2023-02-01  NAS100 12,116.00 12,524.50 12,055.25 12,414.25    262.25        2.16   668,515.00
188  2023-02-02  NAS100 12,520.00 12,949.75 12,501.75 12,846.75    432.50        3.48   817,822.00
189  2023-02-03  NAS100 12,748.25 12,878.00 12,551.25 12,624.00   -222.75       -1.73   824,209.00
190  2023-02-06  NAS100 12,572.00 12,608.50 12,455.75 12,515.50   -108.50       -0.86   535,147.00
191  2023-02-07  NAS100 12,513.00 12,818.50 12,459.25 12,776.75    261.25        2.09   744,996.00
192  2023-02-08  NAS100 12,747.00 12,808.50 12,512.75 12,545.25   -231.50       -1.81   590,355.00
193  2023-02-09  NAS100 12,555.00 12,728.50 12,366.50 12,425.50   -119.75       -0.95   612,404.00
194  2023-02-10  NAS100 12,448.75 12,451.50 12,243.25 12,346.25    -79.25       -0.64   600,244.00
195  2023-02-13  NAS100 12,357.50 12,567.00 12,265.25 12,540.50    194.25        1.57   467,840.00
196  2023-02-14  NAS100 12,547.25 12,687.00 12,390.50 12,631.00     90.50        0.72   719,204.00
197  2023-02-15  NAS100 12,620.75 12,756.50 12,524.25 12,730.00     99.00        0.78   568,579.00
198  2023-02-16  NAS100 12,740.00 12,792.75 12,455.25 12,482.50   -247.50       -1.94   682,325.00
199  2023-02-17  NAS100 12,462.50 12,466.25 12,265.75 12,390.00    -92.50       -0.74   629,355.00
200  2023-02-20  NAS100 12,380.00 12,417.75 12,090.25 12,096.75   -293.25       -2.37   609,494.00
201  2023-02-22  NAS100 12,108.00 12,190.50 12,034.00 12,097.50      0.75        0.01   640,711.00
202  2023-02-23  NAS100 12,176.25 12,261.00 12,028.50 12,207.50    110.00        0.91   640,962.00
203  2023-02-24  NAS100 12,190.00 12,214.50 11,923.00 11,997.00   -210.50       -1.72   643,618.00
204  2023-02-27  NAS100 12,003.00 12,189.50 11,990.00 12,083.25     86.25        0.72   578,952.00
205  2023-02-28  NAS100 12,093.50 12,172.75 12,025.75 12,072.25    -11.00       -0.09   646,026.00
206  2023-03-01  NAS100 12,041.25 12,141.75 11,924.75 11,961.75   -110.50       -0.92   759,645.00
207  2023-03-02  NAS100 11,967.00 12,096.25 11,832.50 12,062.00    100.25        0.84   752,009.00
208  2023-03-03  NAS100 12,049.00 12,329.00 12,012.00 12,311.25    249.25        2.07   675,472.00
209  2023-03-06  NAS100 12,306.25 12,486.25 12,276.25 12,323.50     12.25        0.10   612,506.00
210  2023-03-07  NAS100 12,320.25 12,381.25 12,142.25 12,169.00   -154.50       -1.25   685,006.00
211  2023-03-08  NAS100 12,170.00 12,254.50 12,108.25 12,228.25     59.25        0.49   633,419.00
212  2023-03-09  NAS100 12,231.00 12,353.50 11,977.50 12,007.25   -221.00       -1.81   816,838.00
213  2023-03-10  NAS100 12,005.00 12,109.00 11,795.00 11,840.25   -167.00       -1.39   871,209.00
214  2023-03-13  NAS100 11,894.75 12,095.75 11,674.25 11,931.75     91.50        0.77   694,438.00
215  2023-03-14  NAS100 12,080.00 12,356.50 12,032.25 12,337.00    405.25        3.40   747,697.00
216  2023-03-15  NAS100 12,329.75 12,407.50 12,096.75 12,377.75     40.75        0.33   833,272.00
217  2023-03-16  NAS100 12,398.75 12,735.75 12,314.00 12,715.50    337.75        2.73   736,519.00
218  2023-03-17  NAS100 12,708.00 12,811.25 12,569.50 12,644.75    -70.75       -0.56   734,052.00
219  2023-03-20  NAS100 12,690.00 12,750.00 12,525.25 12,688.50     43.75        0.35   694,471.00
220  2023-03-21  NAS100 12,699.75 12,898.25 12,676.50 12,867.25    178.75        1.41   565,860.00
221  2023-03-22  NAS100 12,873.25 13,082.00 12,678.00 12,707.00   -160.25       -1.25   713,083.00
222  2023-03-23  NAS100 12,695.00 13,031.00 12,694.25 12,854.00    147.00        1.16   838,385.00
223  2023-03-24  NAS100 12,871.50 12,924.75 12,728.00 12,890.25     36.25        0.28   676,547.00
224  2023-03-27  NAS100 12,916.00 12,984.50 12,765.50 12,788.50   -101.75       -0.79   562,634.00
225  2023-03-28  NAS100 12,810.50 12,833.50 12,634.25 12,732.50    -56.00       -0.44   537,965.00
226  2023-03-29  NAS100 12,745.50 12,994.00 12,742.00 12,965.00    232.50        1.83   566,316.00
227  2023-03-30  NAS100 12,962.50 13,111.75 12,931.50 13,082.00    117.00        0.90   583,151.00
228  2023-03-31  NAS100 13,084.25 13,311.50 13,057.50 13,301.75    219.75        1.68   624,955.00
229  2023-04-03  NAS100 13,262.00 13,278.75 13,154.00 13,270.00    -31.75       -0.24   542,896.00
230  2023-04-04  NAS100 13,259.00 13,348.75 13,168.25 13,219.00    -51.00       -0.38   577,032.00
231  2023-04-05  NAS100 13,230.00 13,247.25 13,006.00 13,079.75   -139.25       -1.05   594,608.00
232  2023-04-06  NAS100 13,072.75 13,191.00 12,953.25 13,170.75     91.00        0.70   598,222.00
233  2023-04-07  NAS100 13,162.75 13,192.25 13,122.00 13,170.75      0.00        0.00    41,224.00
234  2023-04-10  NAS100 13,179.75 13,203.25 12,967.50 13,158.00    -12.75       -0.10   553,003.00
235  2023-04-11  NAS100 13,163.25 13,208.75 13,053.50 13,074.75    -83.25       -0.63   549,047.00
236  2023-04-12  NAS100 13,073.75 13,241.75 12,937.75 12,952.25   -122.50       -0.94   684,779.00
237  2023-04-13  NAS100 12,957.00 13,228.00 12,925.50 13,209.75    257.50        1.99   558,233.00
238  2023-04-14  NAS100 13,183.00 13,255.00 13,058.00 13,181.25    -28.50       -0.22   627,824.00
239  2023-04-17  NAS100 13,212.50 13,218.00 13,076.75 13,186.50      5.25        0.04   540,742.00
240  2023-04-18  NAS100 13,184.00 13,298.75 13,138.00 13,193.00      6.50        0.05   576,668.00
241  2023-04-19  NAS100 13,170.50 13,226.75 13,065.00 13,183.00    -10.00       -0.08   529,506.00
242  2023-04-20  NAS100 13,162.00 13,200.00 13,021.75 13,074.25   -108.75       -0.82   680,299.00
243  2023-04-21  NAS100 13,089.00 13,122.00 12,982.50 13,090.50     16.25        0.12   593,982.00
244  2023-04-24  NAS100 13,070.00 13,134.00 12,967.25 13,056.50    -34.00       -0.26   582,286.00
245  2023-04-25  NAS100 13,050.25 13,059.50 12,800.00 12,809.50   -247.00       -1.89   694,266.00
246  2023-04-26  NAS100 12,940.00 13,012.25 12,863.75 12,887.75     78.25        0.61   755,124.00
247  2023-04-27  NAS100 12,965.00 13,333.00 12,936.00 13,231.25    343.50        2.67   728,241.00
248  2023-04-28  NAS100 13,215.00 13,336.00 13,169.00 13,320.25     89.00        0.67   671,058.00
249  2023-05-01  NAS100 13,317.00 13,370.25 13,258.75 13,306.75    -13.50       -0.10   487,908.00
250  2023-05-02  NAS100 13,290.00 13,334.75 13,110.25 13,184.50   -122.25       -0.92   664,855.00
251  2023-05-03  NAS100 13,162.00 13,314.00 13,080.00 13,100.75    -83.75       -0.64   648,753.00
252  2023-05-04  NAS100 13,064.00 13,173.00 13,001.75 13,043.75    -57.00       -0.44   656,440.00
253  2023-05-05  NAS100 13,060.00 13,359.00 13,055.75 13,317.75    274.00        2.10   573,291.00
254  2023-05-08  NAS100 13,316.00 13,368.00 13,254.50 13,352.25     34.50        0.26   506,054.00
255  2023-05-09  NAS100 13,338.50 13,347.00 13,250.50 13,264.75    -87.50       -0.66   552,248.00
256  2023-05-10  NAS100 13,258.75 13,446.75 13,202.75 13,409.50    144.75        1.09   839,699.00
257  2023-05-11  NAS100 13,410.00 13,470.25 13,361.50 13,446.50     37.00        0.28   653,399.00
258  2023-05-12  NAS100 13,446.00 13,494.25 13,310.50 13,396.25    -50.25       -0.37   628,035.00
259  2023-05-15  NAS100 13,378.75 13,480.00 13,350.00 13,468.00     71.75        0.54   495,940.00
260  2023-05-16  NAS100 13,461.00 13,554.50 13,426.25 13,483.25     15.25        0.11   561,834.00
261  2023-05-17  NAS100 13,498.50 13,669.00 13,474.25 13,643.50    160.25        1.19   621,137.00
262  2023-05-18  NAS100 13,640.50 13,913.00 13,628.25 13,894.00    250.50        1.84   749,496.00
263  2023-05-19  NAS100 13,908.50 13,960.25 13,814.25 13,858.00    -36.00       -0.26   659,819.00
264  2023-05-22  NAS100 13,805.50 13,946.75 13,794.25 13,902.50     44.50        0.32   538,203.00
265  2023-05-23  NAS100 13,913.25 13,979.25 13,710.00 13,728.75   -173.75       -1.25   658,680.00
266  2023-05-24  NAS100 13,729.00 13,845.75 13,566.50 13,650.25    -78.50       -0.57   704,804.00
267  2023-05-25  NAS100 13,877.00 14,031.25 13,803.00 13,976.50    326.25        2.39   819,148.00
268  2023-05-26  NAS100 13,977.75 14,369.00 13,924.50 14,332.50    356.00        2.55   729,047.00
269  2023-05-29  NAS100 14,437.50 14,570.00 14,336.75 14,396.75     64.25        0.45   882,198.00
270  2023-05-31  NAS100 14,397.25 14,429.00 14,251.25 14,300.50    -96.25       -0.67   680,429.00
271  2023-06-01  NAS100 14,289.50 14,528.25 14,248.25 14,472.25    171.75        1.20   622,329.00
272  2023-06-02  NAS100 14,494.00 14,627.75 14,468.25 14,575.25    103.00        0.71   623,290.00
273  2023-06-05  NAS100 14,577.00 14,694.75 14,512.75 14,588.75     13.50        0.09   619,089.00
274  2023-06-06  NAS100 14,582.00 14,623.75 14,504.50 14,586.50     -2.25       -0.02   572,806.00
275  2023-06-07  NAS100 14,594.50 14,675.00 14,305.50 14,331.50   -255.00       -1.75   770,555.00
276  2023-06-08  NAS100 14,316.00 14,526.75 14,256.75 14,503.00    171.50        1.20   631,769.00
277  2023-06-09  NAS100 14,517.00 14,687.50 14,460.25 14,556.25     53.25        0.37   581,386.00
278  2023-06-12  NAS100 14,560.25 14,827.00 14,554.25 14,800.50    244.25        1.68   397,388.00
279  2023-06-13  NAS100 15,006.50 15,151.25 14,963.00 15,099.00    298.50        2.02   723,269.00
280  2023-06-14  NAS100 15,110.25 15,243.50 14,976.00 15,199.25    100.25        0.66   732,553.00
281  2023-06-15  NAS100 15,222.00 15,441.00 15,066.00 15,374.00    174.75        1.15   734,111.00
282  2023-06-16  NAS100 15,368.00 15,475.50 15,258.50 15,268.00   -106.00       -0.69   636,907.00
283  2023-06-19  NAS100 15,303.25 15,322.50 15,126.50 15,256.50    -11.50       -0.08   652,883.00
284  2023-06-21  NAS100 15,247.50 15,273.25 15,002.25 15,044.00   -212.50       -1.39   640,702.00
285  2023-06-22  NAS100 15,038.75 15,238.00 14,964.00 15,214.75    170.75        1.14   611,017.00
286  2023-06-23  NAS100 15,236.00 15,236.00 14,985.25 15,058.25   -156.50       -1.03   620,593.00
287  2023-06-26  NAS100 15,057.75 15,152.50 14,853.50 14,856.50   -201.75       -1.34   649,993.00
288  2023-06-27  NAS100 14,875.00 15,139.25 14,862.25 15,111.50    255.00        1.72   569,198.00
289  2023-06-28  NAS100 15,088.25 15,219.00 15,021.25 15,130.00     18.50        0.12   662,146.00
290  2023-06-29  NAS100 15,161.00 15,202.75 15,028.50 15,100.25    -29.75       -0.20   594,134.00
291  2023-06-30  NAS100 15,106.00 15,376.75 15,099.00 15,337.00    236.75        1.57   529,455.00
292  2023-07-03  NAS100 15,331.00 15,392.00 15,308.00 15,364.75     27.75        0.18   265,064.00
293  2023-07-04  NAS100 15,357.00 15,432.00 15,255.25 15,360.75     -4.00       -0.03   519,857.00
294  2023-07-06  NAS100 15,353.75 15,366.00 15,111.50 15,238.00   -122.75       -0.80   574,681.00
295  2023-07-07  NAS100 15,211.75 15,359.75 15,172.25 15,181.75    -56.25       -0.37   555,119.00
296  2023-07-10  NAS100 15,198.50 15,218.25 15,063.25 15,187.00      5.25        0.03   609,953.00
297  2023-07-11  NAS100 15,195.75 15,278.75 15,109.50 15,260.00     73.00        0.48   552,637.00
298  2023-07-12  NAS100 15,258.00 15,507.75 15,254.50 15,444.75    184.75        1.21   649,433.00
299  2023-07-13  NAS100 15,457.75 15,741.25 15,456.50 15,711.50    266.75        1.73   563,935.00
300  2023-07-14  NAS100 15,699.00 15,857.25 15,663.00 15,694.25    -17.25       -0.11   629,943.00
301  2023-07-17  NAS100 15,690.00 15,882.75 15,661.50 15,840.75    146.50        0.93   522,129.00
302  2023-07-18  NAS100 15,832.00 16,029.75 15,733.00 15,974.75    134.00        0.85   633,272.00
303  2023-07-19  NAS100 15,949.25 16,062.75 15,911.25 15,959.25    -15.50       -0.10   682,279.00
304  2023-07-20  NAS100 15,922.75 15,925.75 15,547.00 15,592.25   -367.00       -2.30   810,475.00
305  2023-07-21  NAS100 15,590.75 15,719.25 15,522.25 15,540.00    -52.25       -0.34   704,413.00
306  2023-07-24  NAS100 15,556.00 15,618.75 15,483.75 15,561.25     21.25        0.14   561,877.00
307  2023-07-25  NAS100 15,570.00 15,736.25 15,549.25 15,673.00    111.75        0.72   554,880.00
308  2023-07-26  NAS100 15,730.25 15,739.25 15,515.00 15,610.75    -62.25       -0.40   683,826.00
309  2023-07-27  NAS100 15,638.75 15,904.00 15,511.25 15,571.00    -39.75       -0.25   846,437.00
310  2023-07-28  NAS100 15,580.00 15,896.00 15,546.25 15,847.50    276.50        1.78   689,386.00
311  2023-07-31  NAS100 15,850.00 15,917.00 15,791.25 15,857.50     10.00        0.06   523,896.00
312  2023-08-01  NAS100 15,869.25 15,889.25 15,728.25 15,817.25    -40.25       -0.25   529,660.00
313  2023-08-02  NAS100 15,757.00 15,789.75 15,414.00 15,473.00   -344.25       -2.18   773,499.00
314  2023-08-03  NAS100 15,455.75 15,551.75 15,339.50 15,438.75    -34.25       -0.22   658,841.00
315  2023-08-04  NAS100 15,441.00 15,610.25 15,336.50 15,354.00    -84.75       -0.55   773,229.00
316  2023-08-07  NAS100 15,370.50 15,495.50 15,334.25 15,485.50    131.50        0.86   578,299.00
317  2023-08-08  NAS100 15,495.00 15,497.75 15,218.00 15,354.25   -131.25       -0.85   638,813.00
318  2023-08-09  NAS100 15,351.75 15,432.50 15,146.50 15,178.25   -176.00       -1.15   652,732.00
319  2023-08-10  NAS100 15,202.50 15,442.25 15,136.00 15,201.25     23.00        0.15   807,104.00
320  2023-08-11  NAS100 15,219.00 15,266.75 15,037.25 15,095.75   -105.50       -0.69   613,959.00
321  2023-08-14  NAS100 15,104.00 15,282.00 15,020.75 15,270.25    174.50        1.16   554,628.00
322  2023-08-15  NAS100 15,279.00 15,335.00 15,074.75 15,106.50   -163.75       -1.07   593,602.00
323  2023-08-16  NAS100 15,110.75 15,166.00 14,921.50 14,942.25   -164.25       -1.09   641,607.00
324  2023-08-17  NAS100 14,940.25 15,018.25 14,738.25 14,778.00   -164.25       -1.10   681,399.00
325  2023-08-18  NAS100 14,748.00 14,802.75 14,609.25 14,744.00    -34.00       -0.23   731,241.00
326  2023-08-21  NAS100 14,762.50 15,013.75 14,720.50 14,985.75    241.75        1.64   641,685.00
327  2023-08-22  NAS100 14,974.50 15,118.25 14,932.00 14,958.50    -27.25       -0.18   623,728.00
328  2023-08-23  NAS100 14,959.75 15,356.75 14,957.25 15,195.50    237.00        1.58   606,168.00
329  2023-08-24  NAS100 15,333.00 15,418.00 14,817.00 14,862.00   -333.50       -2.19   847,308.00
330  2023-08-25  NAS100 14,833.00 15,048.75 14,751.75 14,979.25    117.25        0.79   823,889.00
331  2023-08-28  NAS100 14,991.00 15,126.50 14,973.50 15,092.50    113.25        0.76   586,342.00
332  2023-08-29  NAS100 15,098.75 15,430.50 15,049.75 15,415.75    323.25        2.14   616,223.00
333  2023-08-30  NAS100 15,427.50 15,522.75 15,361.50 15,501.25     85.50        0.55   590,194.00
334  2023-08-31  NAS100 15,513.75 15,606.75 15,460.00 15,538.50     37.25        0.24   584,743.00
335  2023-09-01  NAS100 15,534.00 15,661.25 15,454.00 15,516.25    -22.25       -0.14   572,689.00
336  2023-09-04  NAS100 15,517.00 15,586.75 15,418.25 15,534.50     18.25        0.12   604,891.00
337  2023-09-06  NAS100 15,511.25 15,533.00 15,310.50 15,399.50   -135.00       -0.87   596,503.00
338  2023-09-07  NAS100 15,385.00 15,395.75 15,157.50 15,282.25   -117.25       -0.76   644,887.00
339  2023-09-08  NAS100 15,286.25 15,390.75 15,223.00 15,297.50     15.25        0.10   598,477.00
340  2023-09-11  NAS100 15,308.00 15,497.50 15,298.00 15,475.75    178.25        1.17   411,385.00
341  2023-09-12  NAS100 15,662.25 15,680.00 15,483.75 15,500.00     24.25        0.16   643,521.00
342  2023-09-13  NAS100 15,500.75 15,619.75 15,406.00 15,552.25     52.25        0.34   752,742.00
343  2023-09-14  NAS100 15,569.00 15,714.50 15,531.00 15,673.50    121.25        0.78   648,254.00
344  2023-09-15  NAS100 15,677.00 15,719.75 15,356.75 15,392.25   -281.25       -1.79   708,762.00
345  2023-09-18  NAS100 15,382.25 15,461.00 15,330.50 15,414.50     22.25        0.14   509,746.00
346  2023-09-19  NAS100 15,424.25 15,442.25 15,248.50 15,375.25    -39.25       -0.25   552,065.00
347  2023-09-20  NAS100 15,375.25 15,436.25 15,127.00 15,152.00   -223.25       -1.45   605,256.00
348  2023-09-21  NAS100 15,133.25 15,149.00 14,841.00 14,862.75   -289.25       -1.91   702,742.00
349  2023-09-22  NAS100 14,854.50 15,027.50 14,836.25 14,869.50      6.75        0.05   624,056.00
350  2023-09-25  NAS100 14,880.25 14,955.75 14,782.25 14,935.25     65.75        0.44   568,859.00
351  2023-09-26  NAS100 14,949.00 14,949.00 14,666.25 14,715.00   -220.25       -1.47   667,617.00
352  2023-09-27  NAS100 14,725.25 14,821.50 14,586.00 14,739.00     24.00        0.16   716,200.00
353  2023-09-28  NAS100 14,772.50 14,947.50 14,658.00 14,859.75    120.75        0.82   734,472.00
354  2023-09-29  NAS100 14,876.50 15,060.75 14,811.00 14,866.50      6.75        0.05   745,541.00
355  2023-10-02  NAS100 14,965.00 15,046.00 14,826.00 14,984.75    118.25        0.80   762,896.00
356  2023-10-03  NAS100 14,989.50 15,031.00 14,651.50 14,714.50   -270.25       -1.80   762,964.00
357  2023-10-04  NAS100 14,713.75 14,956.00 14,589.00 14,923.75    209.25        1.42   803,257.00
358  2023-10-05  NAS100 14,903.00 14,958.75 14,716.25 14,861.75    -62.00       -0.42   676,461.00
359  2023-10-06  NAS100 14,853.75 15,160.25 14,660.00 15,112.00    250.25        1.68   840,602.00
360  2023-10-09  NAS100 15,040.25 15,212.75 14,949.50 15,187.00     75.00        0.50   617,072.00
361  2023-10-10  NAS100 15,196.50 15,383.50 15,171.75 15,270.75     83.75        0.55   648,613.00
362  2023-10-11  NAS100 15,282.25 15,416.75 15,253.00 15,380.00    109.25        0.72   614,965.00
363  2023-10-12  NAS100 15,407.50 15,468.75 15,216.25 15,315.00    -65.00       -0.42   747,494.00
364  2023-10-13  NAS100 15,324.00 15,366.75 15,062.25 15,120.25   -194.75       -1.27   777,005.00
365  2023-10-16  NAS100 15,120.00 15,336.75 15,083.00 15,289.50    169.25        1.12   641,294.00
366  2023-10-17  NAS100 15,305.75 15,309.25 15,050.25 15,240.75    -48.75       -0.32   781,599.00
367  2023-10-18  NAS100 15,236.50 15,238.25 14,979.25 15,025.25   -215.50       -1.41   853,599.00
368  2023-10-19  NAS100 15,045.00 15,138.25 14,839.50 14,890.00   -135.25       -0.90 1,019,700.00
369  2023-10-20  NAS100 14,850.00 14,887.50 14,645.00 14,664.00   -226.00       -1.52   846,675.00
370  2023-10-23  NAS100 14,680.00 14,853.75 14,514.25 14,712.00     48.00        0.33   765,733.00
371  2023-10-24  NAS100 14,744.00 14,948.75 14,706.00 14,846.50    134.50        0.91   703,058.00
372  2023-10-25  NAS100 14,828.00 14,855.00 14,444.00 14,478.25   -368.25       -2.48   820,677.00
373  2023-10-26  NAS100 14,425.00 14,459.00 14,140.25 14,194.00   -284.25       -1.96   987,597.00
374  2023-10-27  NAS100 14,248.25 14,407.75 14,209.75 14,265.25     71.25        0.50   782,097.00
375  2023-10-30  NAS100 14,336.00 14,476.50 14,303.00 14,416.50    151.25        1.06   704,860.00
376  2023-10-31  NAS100 14,410.50 14,503.75 14,311.25 14,490.25     73.75        0.51   712,605.00
377  2023-11-01  NAS100 14,460.00 14,762.00 14,410.75 14,744.50    254.25        1.75   741,817.00
378  2023-11-02  NAS100 14,761.25 15,017.25 14,760.00 14,998.00    253.50        1.72   652,481.00
379  2023-11-03  NAS100 14,928.00 15,228.50 14,925.50 15,178.75    180.75        1.21   633,835.00
380  2023-11-06  NAS100 15,187.00 15,257.50 15,138.00 15,232.50     53.75        0.35   496,129.00
381  2023-11-07  NAS100 15,215.00 15,412.25 15,176.00 15,374.25    141.75        0.93   585,124.00
382  2023-11-08  NAS100 15,373.00 15,417.50 15,286.75 15,386.50     12.25        0.08   547,842.00
383  2023-11-09  NAS100 15,356.25 15,453.75 15,236.75 15,256.00   -130.50       -0.85   710,427.00
384  2023-11-10  NAS100 15,254.75 15,612.75 15,207.25 15,596.25    340.25        2.23   679,633.00
385  2023-11-13  NAS100 15,586.25 15,601.25 15,465.25 15,547.00    -49.25       -0.32   532,937.00
386  2023-11-14  NAS100 15,558.00 15,918.75 15,552.00 15,879.75    332.75        2.14   656,099.00
387  2023-11-15  NAS100 15,895.00 16,049.50 15,832.25 15,889.25      9.50        0.06   685,072.00
388  2023-11-16  NAS100 15,846.75 15,906.75 15,796.75 15,897.50      8.25        0.05   634,456.00
389  2023-11-17  NAS100 15,897.75 15,940.00 15,825.00 15,895.75     -1.75       -0.01   562,424.00
390  2023-11-20  NAS100 15,895.00 16,116.75 15,837.25 16,086.50    190.75        1.20   559,493.00
391  2023-11-21  NAS100 16,087.50 16,122.50 15,912.00 15,990.25    -96.25       -0.60   575,452.00
392  2023-11-22  NAS100 15,967.25 16,173.50 15,942.75 16,049.25     59.00        0.37   624,552.00
393  2023-11-23  NAS100 16,036.75 16,086.50 15,981.75 16,021.00    -28.25       -0.18   296,604.00
394  2023-11-27  NAS100 16,008.00 16,089.25 15,938.75 16,008.75    -12.25       -0.08   502,555.00
395  2023-11-28  NAS100 16,005.25 16,071.50 15,945.25 16,048.00     39.25        0.25   598,224.00
396  2023-11-29  NAS100 16,055.50 16,208.50 16,013.50 16,023.75    -24.25       -0.15   634,326.00
397  2023-11-30  NAS100 16,040.25 16,098.50 15,856.00 15,985.50    -38.25       -0.24   694,118.00
398  2023-12-01  NAS100 15,955.00 16,050.00 15,864.00 16,023.75     38.25        0.24   621,710.00
399  2023-12-04  NAS100 16,022.00 16,026.00 15,721.25 15,869.00   -154.75       -0.97   721,019.00
400  2023-12-05  NAS100 15,863.25 15,961.00 15,761.25 15,908.75     39.75        0.25   683,586.00
401  2023-12-06  NAS100 15,897.00 16,037.75 15,802.00 15,815.25    -93.50       -0.59   675,482.00
402  2023-12-07  NAS100 15,814.50 16,066.00 15,791.00 16,038.75    223.50        1.41   632,326.00
403  2023-12-08  NAS100 16,017.50 16,118.75 15,888.25 16,098.25     59.50        0.37   588,926.00
404  2023-12-11  NAS100 16,093.00 16,248.00 16,045.50 16,237.00    138.75        0.86   394,184.00
405  2023-12-12  NAS100 16,453.00 16,600.00 16,396.50 16,575.50    338.50        2.08   614,476.00
406  2023-12-13  NAS100 16,596.00 16,806.50 16,576.00 16,777.25    201.75        1.22   672,137.00
407  2023-12-14  NAS100 16,777.50 16,885.00 16,628.00 16,753.00    -24.25       -0.14   786,948.00
408  2023-12-15  NAS100 16,739.25 16,887.25 16,732.25 16,820.25     67.25        0.40   668,578.00
409  2023-12-18  NAS100 16,820.25 16,974.00 16,802.25 16,939.75    119.50        0.71   463,438.00
410  2023-12-19  NAS100 16,917.00 17,029.50 16,910.75 17,023.00     83.25        0.49   496,518.00
411  2023-12-20  NAS100 17,024.00 17,073.50 16,758.50 16,766.25   -256.75       -1.51   654,329.00
412  2023-12-21  NAS100 16,790.25 16,970.25 16,790.25 16,956.50    190.25        1.13   639,818.00
413  2023-12-22  NAS100 16,956.00 17,041.50 16,891.50 16,980.00     23.50        0.14   486,853.00
414  2023-12-26  NAS100 16,964.50 17,111.25 16,964.50 17,083.50    103.50        0.61   292,090.00
415  2023-12-27  NAS100 17,090.25 17,133.00 17,055.50 17,113.25     29.75        0.17   424,302.00
416  2023-12-28  NAS100 17,127.00 17,165.25 17,077.75 17,090.50    -22.75       -0.13   357,702.00
417  2023-12-29  NAS100 17,090.25 17,131.00 16,938.25 17,023.50    -67.00       -0.39   470,864.00
418  2024-01-02  NAS100 17,019.00 17,038.50 16,622.50 16,720.00   -303.50       -1.78   652,714.00
419  2024-01-03  NAS100 16,736.75 16,737.25 16,522.00 16,538.00   -182.00       -1.09   677,219.00
420  2024-01-04  NAS100 16,545.25 16,587.25 16,436.00 16,445.00    -93.00       -0.56   559,464.00
421  2024-01-05  NAS100 16,455.00 16,577.25 16,334.25 16,460.25     15.25        0.09   627,475.00
422  2024-01-08  NAS100 16,470.00 16,811.25 16,378.25 16,803.75    343.50        2.09   549,900.00
423  2024-01-09  NAS100 16,788.00 16,868.50 16,657.75 16,830.25     26.50        0.16   605,921.00
424  2024-01-10  NAS100 16,829.50 16,983.00 16,801.50 16,945.25    115.00        0.68   550,703.00
425  2024-01-11  NAS100 16,955.00 17,057.00 16,753.00 16,966.25     21.00        0.12   756,441.00
426  2024-01-12  NAS100 16,957.75 17,042.50 16,866.50 16,969.25      3.00        0.02   593,445.00
427  2024-01-15  NAS100 16,961.75 17,033.75 16,811.75 16,966.50     -2.75       -0.02   816,021.00
428  2024-01-17  NAS100 16,978.00 16,982.00 16,689.25 16,869.75    -96.75       -0.57   722,784.00
429  2024-01-18  NAS100 16,854.50 17,125.75 16,834.25 17,110.00    240.25        1.42   852,229.00
430  2024-01-19  NAS100 17,116.00 17,471.25 17,107.25 17,438.50    328.50        1.92   758,132.00
431  2024-01-22  NAS100 17,466.00 17,585.00 17,434.00 17,458.50     20.00        0.11   637,245.00
432  2024-01-23  NAS100 17,461.00 17,558.25 17,409.50 17,531.25     72.75        0.42   508,078.00
433  2024-01-24  NAS100 17,554.00 17,793.50 17,552.25 17,621.00     89.75        0.51   721,605.00
434  2024-01-25  NAS100 17,614.75 17,752.00 17,542.00 17,634.50     13.50        0.08   710,822.00
435  2024-01-26  NAS100 17,571.25 17,632.00 17,466.00 17,527.00   -107.50       -0.61   631,481.00
436  2024-01-29  NAS100 17,502.00 17,716.25 17,457.50 17,706.00    179.00        1.02   568,739.00
437  2024-01-30  NAS100 17,711.75 17,735.75 17,467.00 17,588.50   -117.50       -0.66   554,146.00
438  2024-01-31  NAS100 17,415.50 17,484.00 17,221.50 17,242.25   -346.25       -1.97   816,119.00
439  2024-02-01  NAS100 17,273.25 17,646.75 17,262.75 17,436.75    194.50        1.13   705,238.00
440  2024-02-02  NAS100 17,588.00 17,775.50 17,465.50 17,732.75    296.00        1.70   761,167.00
441  2024-02-05  NAS100 17,696.00 17,745.50 17,554.25 17,700.00    -32.75       -0.18   621,645.00
442  2024-02-06  NAS100 17,698.50 17,769.00 17,560.75 17,660.00    -40.00       -0.23   623,168.00
443  2024-02-07  NAS100 17,645.75 17,875.50 17,629.75 17,841.75    181.75        1.03   613,340.00
444  2024-02-08  NAS100 17,856.25 17,896.50 17,792.25 17,868.25     26.50        0.15   471,370.00
445  2024-02-09  NAS100 17,854.25 18,071.00 17,852.25 18,039.25    171.00        0.96   499,282.00
446  2024-02-12  NAS100 18,040.00 18,121.50 17,911.25 17,965.00    -74.25       -0.41   538,132.00
447  2024-02-13  NAS100 17,928.50 17,963.25 17,542.00 17,676.75   -288.25       -1.60   858,230.00
448  2024-02-14  NAS100 17,703.00 17,887.00 17,669.25 17,881.00    204.25        1.16   688,088.00
449  2024-02-15  NAS100 17,870.00 17,968.25 17,780.50 17,912.75     31.75        0.18   657,768.00
450  2024-02-16  NAS100 17,952.00 18,026.00 17,715.00 17,744.00   -168.75       -0.94   744,628.00
451  2024-02-19  NAS100 17,729.25 17,807.50 17,452.50 17,607.25   -136.75       -0.77   889,292.00
452  2024-02-21  NAS100 17,573.00 17,723.00 17,372.75 17,536.75    -70.50       -0.40   731,450.00
453  2024-02-22  NAS100 17,702.50 18,087.00 17,676.00 18,047.50    510.75        2.91   759,232.00
454  2024-02-23  NAS100 18,023.25 18,144.75 17,946.00 17,991.00    -56.50       -0.31   659,725.00
455  2024-02-26  NAS100 17,961.50 18,059.50 17,922.00 17,977.00    -14.00       -0.08   526,169.00
456  2024-02-27  NAS100 17,951.00 18,040.25 17,908.75 18,021.00     44.00        0.24   567,818.00
457  2024-02-28  NAS100 18,017.50 18,019.75 17,846.25 17,915.25   -105.75       -0.59   553,731.00
458  2024-02-29  NAS100 17,870.00 18,109.50 17,826.00 18,082.75    167.50        0.93   680,147.00
459  2024-03-01  NAS100 18,075.00 18,372.75 18,029.50 18,338.25    255.50        1.41   639,153.00
460  2024-03-04  NAS100 18,336.00 18,377.75 18,234.25 18,262.00    -76.25       -0.42   569,342.00
461  2024-03-05  NAS100 18,246.00 18,252.00 17,832.50 17,930.25   -331.75       -1.82   803,857.00
462  2024-03-06  NAS100 17,981.00 18,174.25 17,942.50 18,044.25    114.00        0.64   806,131.00
463  2024-03-07  NAS100 18,041.00 18,360.00 17,915.75 18,316.25    272.00        1.51   758,499.00
464  2024-03-08  NAS100 18,279.00 18,436.50 18,012.50 18,046.75   -269.50       -1.47 1,048,847.00
465  2024-03-11  NAS100 18,056.00 18,068.25 17,890.50 17,971.00    -75.75       -0.42   472,517.00
466  2024-03-12  NAS100 18,253.00 18,491.00 18,174.00 18,477.25    506.25        2.82   763,543.00
467  2024-03-13  NAS100 18,469.50 18,506.75 18,281.75 18,328.50   -148.75       -0.81   754,400.00
468  2024-03-14  NAS100 18,342.00 18,428.25 18,161.25 18,271.75    -56.75       -0.31   818,470.00
469  2024-03-15  NAS100 18,251.00 18,322.75 18,006.25 18,058.75   -213.00       -1.17   705,711.00
470  2024-03-18  NAS100 18,073.50 18,381.00 18,062.25 18,231.50    172.75        0.96   656,629.00
471  2024-03-19  NAS100 18,222.00 18,289.25 18,053.25 18,270.00     38.50        0.21   660,394.00
472  2024-03-20  NAS100 18,274.00 18,545.00 18,227.50 18,479.75    209.75        1.15   618,809.00
473  2024-03-21  NAS100 18,539.75 18,709.00 18,526.75 18,561.75     82.00        0.44   606,959.00
474  2024-03-22  NAS100 18,580.50 18,626.00 18,492.00 18,574.75     13.00        0.07   511,962.00
475  2024-03-25  NAS100 18,567.00 18,601.25 18,414.75 18,513.50    -61.25       -0.33   456,250.00
476  2024-03-26  NAS100 18,531.25 18,619.00 18,439.25 18,449.00    -64.50       -0.35   516,507.00
477  2024-03-27  NAS100 18,477.50 18,571.75 18,378.50 18,503.75     54.75        0.30   605,634.00
478  2024-03-28  NAS100 18,505.00 18,538.75 18,447.50 18,475.00    -28.75       -0.16   515,193.00
479  2024-04-01  NAS100 18,503.00 18,612.00 18,414.50 18,497.25     22.25        0.12   572,133.00
480  2024-04-02  NAS100 18,497.25 18,511.00 18,201.50 18,330.00   -167.25       -0.90   618,982.00
481  2024-04-03  NAS100 18,345.00 18,451.75 18,232.50 18,373.25     43.25        0.24   597,987.00
482  2024-04-04  NAS100 18,388.50 18,568.00 18,055.25 18,076.75   -296.50       -1.61   777,140.00
483  2024-04-05  NAS100 18,086.25 18,408.25 18,051.50 18,300.75    224.00        1.24   809,193.00
484  2024-04-08  NAS100 18,348.25 18,376.00 18,237.50 18,295.00     -5.75       -0.03   524,203.00
485  2024-04-09  NAS100 18,314.75 18,407.25 18,160.75 18,359.75     64.75        0.35   696,069.00
486  2024-04-10  NAS100 18,381.00 18,474.25 18,053.50 18,196.75   -163.00       -0.89   880,504.00
487  2024-04-11  NAS100 18,184.00 18,518.75 18,088.00 18,485.00    288.25        1.58   728,802.00
488  2024-04-12  NAS100 18,486.25 18,507.75 18,120.25 18,179.25   -305.75       -1.65   787,334.00
489  2024-04-15  NAS100 18,151.00 18,350.75 17,841.50 17,876.25   -303.00       -1.67   797,316.00
490  2024-04-16  NAS100 17,879.00 17,988.00 17,792.00 17,881.25      5.00        0.03   766,364.00
491  2024-04-17  NAS100 17,897.00 17,968.50 17,615.25 17,658.50   -222.75       -1.25   844,749.00
492  2024-04-18  NAS100 17,669.75 17,770.75 17,506.25 17,547.25   -111.25       -0.63   756,158.00
493  2024-04-19  NAS100 17,530.75 17,553.25 17,113.25 17,180.75   -366.50       -2.09 1,023,135.00
494  2024-04-22  NAS100 17,228.25 17,448.00 17,148.50 17,350.00    169.25        0.99   646,130.00
495  2024-04-23  NAS100 17,352.25 17,666.00 17,286.25 17,606.75    256.75        1.48   601,826.00
496  2024-04-24  NAS100 17,682.00 17,795.50 17,481.75 17,664.50     57.75        0.33   667,402.00
497  2024-04-25  NAS100 17,450.00 17,827.50 17,308.25 17,567.50    -97.00       -0.55   820,011.00
498  2024-04-26  NAS100 17,808.25 17,901.50 17,668.25 17,845.75    278.25        1.58   628,227.00
499  2024-04-29  NAS100 17,864.75 17,949.00 17,791.25 17,904.25     58.50        0.33   528,891.00
500  2024-04-30  NAS100 17,918.50 17,920.25 17,473.50 17,571.25   -333.00       -1.86   677,704.00
501  2024-05-01  NAS100 17,462.50 17,793.25 17,399.25 17,438.25   -133.00       -0.76   791,170.00
502  2024-05-02  NAS100 17,487.00 17,755.25 17,386.25 17,649.75    211.50        1.21   635,300.00
503  2024-05-03  NAS100 17,744.25 18,050.25 17,719.50 18,000.75    351.00        1.99   556,949.00
504  2024-05-06  NAS100 18,047.50 18,201.25 17,983.75 18,195.50    194.75        1.08   395,489.00
505  2024-05-07  NAS100 18,189.50 18,266.25 18,151.00 18,199.50      4.00        0.02   469,722.00
506  2024-05-08  NAS100 18,194.00 18,242.25 18,072.50 18,186.50    -13.00       -0.07   453,714.00
507  2024-05-09  NAS100 18,160.75 18,240.25 18,103.75 18,214.50     28.00        0.15   471,196.00
508  2024-05-10  NAS100 18,226.00 18,348.00 18,188.50 18,255.00     40.50        0.22   473,881.00
509  2024-05-13  NAS100 18,238.00 18,336.25 18,228.75 18,295.50     40.50        0.22   411,036.00
510  2024-05-14  NAS100 18,282.00 18,433.00 18,165.50 18,415.00    119.50        0.65   555,369.00
511  2024-05-15  NAS100 18,409.75 18,707.00 18,393.00 18,691.75    276.75        1.50   605,869.00
512  2024-05-16  NAS100 18,693.25 18,760.75 18,633.25 18,650.00    -41.75       -0.22   548,582.00
513  2024-05-17  NAS100 18,642.00 18,686.75 18,545.00 18,635.25    -14.75       -0.08   489,227.00
514  2024-05-20  NAS100 18,633.50 18,794.50 18,633.00 18,763.00    127.75        0.69   470,381.00
515  2024-05-21  NAS100 18,746.00 18,808.75 18,678.00 18,799.25     36.25        0.19   426,117.00
516  2024-05-22  NAS100 18,798.25 18,891.00 18,684.25 18,786.75    -12.50       -0.07   578,439.00
517  2024-05-23  NAS100 18,860.50 19,023.25 18,621.50 18,696.25    -90.50       -0.48   851,576.00
518  2024-05-24  NAS100 18,684.00 18,926.00 18,680.00 18,876.00    179.75        0.96   552,083.00
519  2024-05-27  NAS100 18,874.75 18,980.50 18,819.50 18,940.50     64.50        0.34   642,954.00
520  2024-05-29  NAS100 18,949.50 18,949.75 18,740.00 18,802.75   -137.75       -0.73   573,938.00
521  2024-05-30  NAS100 18,753.00 18,787.00 18,546.25 18,606.50   -196.25       -1.04   619,548.00
522  2024-05-31  NAS100 18,590.75 18,668.25 18,241.25 18,591.00    -15.50       -0.08   834,003.00
523  2024-06-03  NAS100 18,590.25 18,755.50 18,435.75 18,646.25     55.25        0.30   669,104.00
524  2024-06-04  NAS100 18,662.50 18,753.25 18,511.25 18,701.00     54.75        0.29   616,703.00
525  2024-06-05  NAS100 18,711.00 19,090.50 18,696.25 19,074.25    373.25        2.00   575,227.00
526  2024-06-06  NAS100 19,089.50 19,124.50 19,017.25 19,060.25    -14.00       -0.07   524,900.00
527  2024-06-07  NAS100 19,064.00 19,155.00 18,940.00 19,037.75    -22.50       -0.12   612,033.00
528  2024-06-10  NAS100 19,025.00 19,129.75 18,974.25 19,109.75     72.00        0.38   571,666.00
529  2024-06-11  NAS100 19,107.25 19,257.50 18,994.50 19,242.25    132.50        0.69   564,706.00
530  2024-06-12  NAS100 19,248.00 19,612.25 19,233.50 19,496.50    254.25        1.32   691,079.00
531  2024-06-13  NAS100 19,602.00 19,691.00 19,500.00 19,602.50    106.00        0.54   584,725.00
532  2024-06-14  NAS100 19,602.75 19,699.50 19,501.50 19,685.50     83.00        0.42   584,288.00
533  2024-06-17  NAS100 19,954.75 20,271.25 19,904.00 20,192.75    507.25        2.58   648,046.00
534  2024-06-18  NAS100 20,193.00 20,270.50 20,127.00 20,196.25      3.50        0.02   578,901.00
535  2024-06-19  NAS100 20,204.50 20,371.00 19,958.25 20,031.50   -164.75       -0.82   897,181.00
536  2024-06-21  NAS100 20,043.25 20,086.00 19,914.25 19,982.75    -48.75       -0.24   590,839.00
537  2024-06-24  NAS100 20,014.75 20,030.25 19,728.00 19,750.75   -232.00       -1.16   683,900.00
538  2024-06-25  NAS100 19,756.00 19,981.25 19,726.00 19,972.25    221.50        1.12   574,518.00
539  2024-06-26  NAS100 19,973.00 20,070.50 19,901.00 20,012.50     40.25        0.20   590,175.00
540  2024-06-27  NAS100 19,946.00 20,116.75 19,874.25 20,039.50     27.00        0.13   589,649.00
541  2024-06-28  NAS100 20,063.25 20,273.25 19,906.25 19,927.25   -112.25       -0.56   750,324.00
542  2024-07-01  NAS100 19,970.00 20,074.00 19,811.75 20,052.00    124.75        0.63   639,341.00
543  2024-07-02  NAS100 20,045.75 20,259.25 19,910.00 20,255.25    203.25        1.01   621,477.00
544  2024-07-03  NAS100 20,241.00 20,435.25 20,205.00 20,411.50    156.25        0.77   395,129.00
545  2024-07-04  NAS100 20,419.25 20,639.50 20,361.00 20,620.75    209.25        1.03   600,207.00
546  2024-07-08  NAS100 20,591.50 20,688.00 20,579.25 20,659.75     39.00        0.19   497,107.00
547  2024-07-09  NAS100 20,681.00 20,771.75 20,615.75 20,678.50     18.75        0.09   569,689.00
548  2024-07-10  NAS100 20,686.00 20,916.75 20,684.50 20,899.75    221.25        1.07   576,694.00
549  2024-07-11  NAS100 20,895.50 20,983.75 20,377.25 20,441.75   -458.00       -2.19   906,128.00
550  2024-07-12  NAS100 20,432.75 20,741.00 20,335.00 20,524.00     82.25        0.40   724,343.00
551  2024-07-15  NAS100 20,580.00 20,797.00 20,506.25 20,583.75     59.75        0.29   703,410.00
552  2024-07-16  NAS100 20,628.00 20,684.50 20,464.50 20,598.00     14.25        0.07   629,745.00
553  2024-07-17  NAS100 20,591.00 20,597.75 19,965.75 19,997.50   -600.50       -2.92   854,323.00
554  2024-07-18  NAS100 20,024.25 20,162.50 19,758.75 19,899.25    -98.25       -0.49   964,287.00
555  2024-07-19  NAS100 19,955.00 19,979.75 19,654.00 19,713.00   -186.25       -0.94   774,109.00
556  2024-07-22  NAS100 19,749.00 20,044.75 19,718.75 20,001.00    288.00        1.46   657,854.00
557  2024-07-23  NAS100 19,982.00 20,084.75 19,868.25 19,925.00    -76.00       -0.38   601,990.00
558  2024-07-24  NAS100 19,883.00 19,883.00 19,168.75 19,203.25   -721.75       -3.62   846,812.00
559  2024-07-25  NAS100 19,260.00 19,390.50 18,883.25 18,992.25   -211.00       -1.10   992,015.00
560  2024-07-26  NAS100 19,003.00 19,297.75 18,995.00 19,174.50    182.25        0.96   694,702.00
561  2024-07-29  NAS100 19,171.75 19,377.25 19,113.25 19,209.25     34.75        0.18   600,017.00
562  2024-07-30  NAS100 19,217.00 19,319.75 18,725.00 18,936.25   -273.00       -1.42   745,002.00
563  2024-07-31  NAS100 18,865.75 19,648.00 18,861.75 19,505.25    569.00        3.00   762,246.00
564  2024-08-01  NAS100 19,593.25 19,717.00 18,854.00 19,023.25   -482.00       -2.47   920,616.00
565  2024-08-02  NAS100 18,956.50 18,979.75 18,385.75 18,556.25   -467.00       -2.45   842,228.00
566  2024-08-05  NAS100 18,390.00 18,390.00 17,351.00 18,013.25   -543.00       -2.93   937,137.00
567  2024-08-06  NAS100 18,165.75 18,483.25 17,966.00 18,179.00    165.75        0.92   697,089.00
568  2024-08-07  NAS100 18,033.00 18,558.50 17,836.25 17,966.50   -212.50       -1.17   725,244.00
569  2024-08-08  NAS100 17,873.00 18,593.50 17,741.75 18,525.25    558.75        3.11   663,957.00
570  2024-08-09  NAS100 18,550.25 18,674.50 18,383.00 18,616.00     90.75        0.49   501,761.00
571  2024-08-12  NAS100 18,590.00 18,765.25 18,515.00 18,639.50     23.50        0.13   469,892.00
572  2024-08-13  NAS100 18,648.25 19,122.50 18,628.50 19,104.25    464.75        2.49   497,670.00
573  2024-08-14  NAS100 19,099.25 19,203.50 18,925.50 19,115.00     10.75        0.06   553,997.00
574  2024-08-15  NAS100 19,142.50 19,603.25 19,100.50 19,581.25    466.25        2.44   522,322.00
575  2024-08-16  NAS100 19,570.25 19,683.00 19,447.50 19,605.75     24.50        0.13   458,933.00
576  2024-08-19  NAS100 19,629.00 19,871.75 19,525.25 19,857.75    252.00        1.29   429,305.00
577  2024-08-20  NAS100 19,857.75 19,931.00 19,743.00 19,809.50    -48.25       -0.24   485,435.00
578  2024-08-21  NAS100 19,803.00 19,981.75 19,771.50 19,909.50    100.00        0.50   479,077.00
579  2024-08-22  NAS100 19,921.25 20,025.25 19,542.00 19,578.25   -331.25       -1.66   630,179.00
580  2024-08-23  NAS100 19,621.50 19,904.25 19,591.75 19,790.75    212.50        1.09   581,201.00
581  2024-08-26  NAS100 19,787.75 19,846.25 19,505.50 19,591.25   -199.50       -1.01   473,540.00
582  2024-08-27  NAS100 19,558.75 19,694.25 19,441.50 19,653.75     62.50        0.32   441,146.00
583  2024-08-28  NAS100 19,635.50 19,691.00 19,227.25 19,415.75   -238.00       -1.21   537,278.00
584  2024-08-29  NAS100 19,217.00 19,693.50 19,140.25 19,393.25    -22.50       -0.12   669,705.00
585  2024-08-30  NAS100 19,445.75 19,632.75 19,370.50 19,623.00    229.75        1.18   495,609.00
586  2024-09-02  NAS100 19,599.00 19,683.00 18,911.00 19,006.50   -616.50       -3.14   698,442.00
587  2024-09-04  NAS100 18,993.75 19,114.75 18,825.75 18,962.50    -44.00       -0.23   582,116.00
588  2024-09-05  NAS100 18,965.75 19,150.50 18,827.25 18,963.50      1.00        0.01   585,125.00
589  2024-09-06  NAS100 18,921.00 18,972.25 18,339.75 18,458.25   -505.25       -2.66   726,350.00
590  2024-09-09  NAS100 18,400.00 18,734.50 18,386.00 18,692.25    234.00        1.27   536,240.00
591  2024-09-10  NAS100 18,727.00 18,878.50 18,582.25 18,864.00    171.75        0.92   536,220.00
592  2024-09-11  NAS100 18,837.75 19,293.50 18,547.00 19,271.00    407.00        2.16   729,344.00
593  2024-09-12  NAS100 19,241.50 19,483.50 19,185.00 19,447.25    176.25        0.91   581,032.00
594  2024-09-13  NAS100 19,419.50 19,577.25 19,398.25 19,530.25     83.00        0.43   467,948.00
595  2024-09-16  NAS100 19,498.00 19,546.50 19,299.25 19,433.00    -97.25       -0.50   339,781.00
596  2024-09-17  NAS100 19,655.00 19,850.25 19,574.50 19,675.75    242.75        1.25   509,253.00
597  2024-09-18  NAS100 19,686.75 19,900.00 19,558.00 19,580.50    -95.25       -0.48   559,587.00
598  2024-09-19  NAS100 19,648.75 20,203.00 19,636.75 20,088.00    507.50        2.59   615,561.00
599  2024-09-20  NAS100 20,066.00 20,084.00 19,860.00 20,028.25    -59.75       -0.30   479,646.00
600  2024-09-23  NAS100 20,040.00 20,164.00 19,955.25 20,080.00     51.75        0.26   394,947.00
601  2024-09-24  NAS100 20,063.25 20,214.75 19,953.00 20,167.75     87.75        0.44   457,126.00
602  2024-09-25  NAS100 20,183.75 20,271.00 20,064.25 20,192.00     24.25        0.12   405,050.00
603  2024-09-26  NAS100 20,242.00 20,538.00 20,188.00 20,346.25    154.25        0.76   509,755.00
604  2024-09-27  NAS100 20,345.00 20,395.75 20,173.00 20,221.50   -124.75       -0.61   435,634.00
605  2024-09-30  NAS100 20,198.50 20,287.00 20,056.00 20,261.25     39.75        0.20   510,434.00
606  2024-10-01  NAS100 20,234.25 20,331.75 19,818.00 19,975.00   -286.25       -1.41   662,776.00
607  2024-10-02  NAS100 19,975.25 20,090.25 19,833.50 20,009.75     34.75        0.17   475,599.00
608  2024-10-03  NAS100 20,055.50 20,113.75 19,852.00 19,990.25    -19.50       -0.10   526,765.00
609  2024-10-04  NAS100 19,965.50 20,263.75 19,941.50 20,227.25    237.00        1.19   560,070.00
610  2024-10-07  NAS100 20,220.00 20,267.25 19,948.00 19,992.75   -234.50       -1.16   450,371.00
611  2024-10-08  NAS100 20,025.75 20,329.50 19,902.50 20,298.50    305.75        1.53   444,750.00
612  2024-10-09  NAS100 20,294.25 20,482.75 20,196.00 20,463.50    165.00        0.81   421,249.00
613  2024-10-10  NAS100 20,445.25 20,508.25 20,301.50 20,429.75    -33.75       -0.16   450,569.00
614  2024-10-11  NAS100 20,435.00 20,494.25 20,314.75 20,450.00     20.25        0.10   385,312.00
615  2024-10-14  NAS100 20,432.50 20,680.00 20,383.25 20,619.25    169.25        0.83   395,756.00
616  2024-10-15  NAS100 20,638.75 20,659.25 20,254.00 20,342.00   -277.25       -1.34   522,391.00
617  2024-10-16  NAS100 20,334.50 20,398.50 20,206.25 20,349.50      7.50        0.04   417,571.00
618  2024-10-17  NAS100 20,328.00 20,594.75 20,276.75 20,368.00     18.50        0.09   535,486.00
619  2024-10-18  NAS100 20,384.00 20,529.75 20,320.75 20,483.50    115.50        0.57   385,566.00
620  2024-10-21  NAS100 20,496.25 20,554.50 20,343.75 20,519.50     36.00        0.18   456,078.00
621  2024-10-22  NAS100 20,536.50 20,602.25 20,360.25 20,542.00     22.50        0.11   476,324.00
622  2024-10-23  NAS100 20,521.00 20,542.50 20,079.00 20,220.50   -321.50       -1.57   619,162.00
623  2024-10-24  NAS100 20,294.25 20,428.50 20,261.75 20,380.25    159.75        0.79   462,552.00
624  2024-10-25  NAS100 20,388.50 20,707.25 20,364.00 20,498.75    118.50        0.58   585,929.00
625  2024-10-28  NAS100 20,525.50 20,676.50 20,486.00 20,497.00     -1.75       -0.01   430,120.00
626  2024-10-29  NAS100 20,513.00 20,760.25 20,432.25 20,696.50    199.50        0.97   498,020.00
627  2024-10-30  NAS100 20,734.00 20,788.50 20,472.50 20,534.75   -161.75       -0.78   519,409.00
628  2024-10-31  NAS100 20,482.00 20,495.75 20,008.50 20,021.75   -513.00       -2.50   686,677.00
629  2024-11-01  NAS100 20,071.00 20,288.00 20,017.00 20,153.25    131.50        0.66   554,025.00
630  2024-11-04  NAS100 20,138.00 20,248.50 20,013.00 20,086.00    -67.25       -0.33   520,521.00
631  2024-11-05  NAS100 20,130.75 20,385.50 20,041.75 20,341.75    255.75        1.27   450,115.00
632  2024-11-06  NAS100 20,360.50 20,935.25 20,323.50 20,894.00    552.25        2.71   632,408.00
633  2024-11-07  NAS100 20,923.50 21,253.00 20,861.50 21,224.75    330.75        1.58   462,805.00
634  2024-11-08  NAS100 21,224.25 21,265.00 21,121.75 21,231.25      6.50        0.03   401,943.00
635  2024-11-11  NAS100 21,249.75 21,340.75 21,098.25 21,217.75    -13.50       -0.06   456,006.00
636  2024-11-12  NAS100 21,221.00 21,251.75 21,054.75 21,189.50    -28.25       -0.13   511,372.00
637  2024-11-13  NAS100 21,178.00 21,268.50 21,056.50 21,159.50    -30.00       -0.14   533,739.00
638  2024-11-14  NAS100 21,167.00 21,190.25 20,950.50 21,011.75   -147.75       -0.70   561,950.00
639  2024-11-15  NAS100 20,977.50 20,981.50 20,405.25 20,493.75   -518.00       -2.47   691,851.00
640  2024-11-18  NAS100 20,504.00 20,724.25 20,476.00 20,633.50    139.75        0.68   525,474.00
641  2024-11-19  NAS100 20,633.25 20,792.50 20,382.50 20,767.75    134.25        0.65   553,617.00
642  2024-11-20  NAS100 20,762.25 20,843.25 20,477.00 20,749.00    -18.75       -0.09   619,493.00
643  2024-11-21  NAS100 20,738.00 20,905.75 20,514.25 20,829.50     80.50        0.39   698,342.00
644  2024-11-22  NAS100 20,794.00 20,880.00 20,693.25 20,849.75     20.25        0.10   541,554.00
645  2024-11-25  NAS100 20,935.00 21,081.00 20,780.25 20,880.25     30.50        0.15   544,568.00
646  2024-11-26  NAS100 20,906.25 21,024.75 20,755.00 20,993.50    113.25        0.54   505,254.00
647  2024-11-27  NAS100 20,990.75 21,019.00 20,675.00 20,813.00   -180.50       -0.86   520,026.00
648  2024-11-28  NAS100 20,813.00 21,017.50 20,805.50 20,993.50    180.50        0.87   339,955.00
649  2024-12-02  NAS100 20,995.25 21,259.75 20,940.00 21,218.00    224.50        1.07   475,464.00
650  2024-12-03  NAS100 21,220.00 21,329.00 21,134.25 21,281.50     63.50        0.30   444,143.00
651  2024-12-04  NAS100 21,323.00 21,548.50 21,305.75 21,536.50    255.00        1.20   461,922.00
652  2024-12-05  NAS100 21,513.25 21,567.25 21,437.50 21,473.25    -63.25       -0.29   421,035.00
653  2024-12-06  NAS100 21,450.00 21,669.25 21,424.75 21,656.75    183.50        0.85   459,878.00
654  2024-12-09  NAS100 21,649.00 21,706.25 21,436.00 21,483.75   -173.00       -0.80   517,123.00
655  2024-12-10  NAS100 21,479.25 21,606.75 21,352.75 21,405.25    -78.50       -0.37   544,406.00
656  2024-12-11  NAS100 21,436.00 21,820.00 21,405.75 21,793.50    388.25        1.81   547,213.00
657  2024-12-12  NAS100 21,756.75 21,772.50 21,604.25 21,651.25   -142.25       -0.65   510,307.00
658  2024-12-13  NAS100 21,720.75 21,908.00 21,666.50 21,795.75    144.50        0.67   639,403.00
659  2024-12-16  NAS100 21,780.25 22,152.50 21,762.00 22,110.25    314.50        1.44   482,433.00
660  2024-12-17  NAS100 22,412.25 22,425.75 22,244.25 22,314.50    204.25        0.92   568,539.00
661  2024-12-18  NAS100 22,309.25 22,387.75 21,311.00 21,501.75   -812.75       -3.64   733,606.00
662  2024-12-19  NAS100 21,499.75 21,697.75 21,345.75 21,379.00   -122.75       -0.57   743,114.00
663  2024-12-20  NAS100 21,429.25 21,812.25 21,006.50 21,566.50    187.50        0.88   864,714.00
664  2024-12-23  NAS100 21,566.00 21,776.75 21,476.75 21,753.25    186.75        0.87   508,598.00
665  2024-12-24  NAS100 21,743.25 22,049.75 21,709.00 22,028.50    275.25        1.27   261,201.00
666  2024-12-26  NAS100 22,049.50 22,111.25 21,870.25 22,008.00    -20.50       -0.09   407,116.00
667  2024-12-27  NAS100 21,990.75 22,008.00 21,498.75 21,698.50   -309.50       -1.41   572,604.00
668  2024-12-30  NAS100 21,711.00 21,742.75 21,253.00 21,416.25   -282.25       -1.30   530,975.00
669  2024-12-31  NAS100 21,390.25 21,524.75 21,182.00 21,226.50   -189.75       -0.89   477,280.00
670  2025-01-02  NAS100 21,269.00 21,490.50 20,983.75 21,167.50    -59.00       -0.28   664,742.00
671  2025-01-03  NAS100 21,186.75 21,559.25 21,144.00 21,516.50    349.00        1.65   488,243.00
672  2025-01-06  NAS100 21,532.25 21,896.75 21,478.25 21,744.50    228.00        1.06   574,300.00
673  2025-01-07  NAS100 21,781.25 21,806.00 21,279.50 21,359.75   -384.75       -1.77   645,144.00
674  2025-01-08  NAS100 21,380.75 21,448.25 21,166.25 21,360.75      1.00        0.00   637,114.00
675  2025-01-09  NAS100 21,334.75 21,347.25 21,218.00 21,301.50    -59.25       -0.28    77,170.00
676  2025-01-10  NAS100 21,302.75 21,372.50 20,874.75 21,016.00   -285.50       -1.34   703,964.00
677  2025-01-13  NAS100 21,027.50 21,037.00 20,694.00 20,947.25    -68.75       -0.33   617,059.00
678  2025-01-14  NAS100 21,020.00 21,143.75 20,773.50 20,919.50    -27.75       -0.13   676,188.00
679  2025-01-15  NAS100 20,977.00 21,452.75 20,909.00 21,400.25    480.75        2.30   551,806.00
680  2025-01-16  NAS100 21,389.00 21,567.25 21,172.25 21,249.75   -150.50       -0.70   598,631.00
681  2025-01-17  NAS100 21,227.50 21,682.50 21,209.25 21,594.75    345.00        1.62   594,110.00
682  2025-01-20  NAS100 21,600.00 21,783.50 21,377.75 21,709.50    114.75        0.53   662,316.00
683  2025-01-22  NAS100 21,809.25 22,093.50 21,768.25 22,000.50    291.00        1.34   508,606.00
684  2025-01-23  NAS100 21,981.75 22,050.50 21,855.50 22,038.25     37.75        0.17   476,286.00
685  2025-01-24  NAS100 22,018.50 22,078.25 21,844.00 21,911.25   -127.00       -0.58   522,901.00
686  2025-01-27  NAS100 21,771.00 21,771.00 20,763.75 21,258.50   -652.75       -2.98 1,056,136.00
687  2025-01-28  NAS100 21,343.25 21,626.00 21,159.50 21,581.75    323.25        1.52   663,336.00
688  2025-01-29  NAS100 21,559.00 21,697.00 21,367.00 21,523.25    -58.50       -0.27   629,631.00
689  2025-01-30  NAS100 21,547.75 21,748.75 21,419.50 21,624.75    101.50        0.47   618,073.00
690  2025-01-31  NAS100 21,680.00 21,966.00 21,533.75 21,589.25    -35.50       -0.16   655,811.00
691  2025-02-03  NAS100 21,200.00 21,579.75 20,943.00 21,405.00   -184.25       -0.85   728,140.00
692  2025-02-04  NAS100 21,592.00 21,694.00 21,242.50 21,670.25    265.25        1.24   497,143.00
693  2025-02-05  NAS100 21,562.00 21,795.00 21,429.75 21,763.00     92.75        0.43   497,655.00
694  2025-02-06  NAS100 21,764.50 21,882.25 21,705.75 21,871.75    108.75        0.50   438,729.00
695  2025-02-07  NAS100 21,817.75 21,968.00 21,552.75 21,590.75   -281.00       -1.28   598,869.00
696  2025-02-10  NAS100 21,463.25 21,894.00 21,418.00 21,846.50    255.75        1.18   391,625.00
697  2025-02-11  NAS100 21,832.00 21,871.50 21,669.50 21,786.75    -59.75       -0.27   423,200.00
698  2025-02-12  NAS100 21,794.25 21,862.50 21,510.75 21,804.75     18.00        0.08   545,408.00
699  2025-02-13  NAS100 21,861.25 22,124.00 21,753.00 22,113.25    308.50        1.41   536,739.00
700  2025-02-14  NAS100 22,071.00 22,225.00 22,042.50 22,196.25     83.00        0.38   433,212.00
701  2025-02-17  NAS100 22,235.75 22,319.75 22,102.75 22,232.25     36.00        0.16   567,203.00
702  2025-02-19  NAS100 22,224.50 22,299.75 22,118.00 22,250.50     18.25        0.08   496,442.00
703  2025-02-20  NAS100 22,213.00 22,235.50 21,951.00 22,141.75   -108.75       -0.49   563,585.00
704  2025-02-21  NAS100 22,136.00 22,245.50 21,652.75 21,679.25   -462.50       -2.09   708,349.00
705  2025-02-24  NAS100 21,700.75 21,813.00 21,407.50 21,420.25   -259.00       -1.19   670,634.00
706  2025-02-25  NAS100 21,442.50 21,453.75 20,990.00 21,149.00   -271.25       -1.27   805,678.00
707  2025-02-26  NAS100 21,230.50 21,409.25 21,055.00 21,187.00     38.00        0.18   646,236.00
708  2025-02-27  NAS100 21,249.00 21,386.50 20,583.25 20,605.75   -581.25       -2.74   854,180.00
709  2025-02-28  NAS100 20,649.50 20,944.25 20,460.50 20,919.50    313.75        1.52   845,890.00
710  2025-03-03  NAS100 21,005.25 21,121.00 20,316.75 20,468.25   -451.25       -2.16   833,041.00
711  2025-03-04  NAS100 20,527.00 20,732.50 20,075.25 20,399.00    -69.25       -0.34   958,071.00
712  2025-03-05  NAS100 20,555.00 20,725.00 20,215.00 20,665.00    266.00        1.30   783,638.00
713  2025-03-06  NAS100 20,605.25 20,647.50 20,003.00 20,089.25   -575.75       -2.79   763,150.00
714  2025-03-07  NAS100 20,214.50 20,286.25 19,765.50 20,229.75    140.50        0.70   763,257.00
715  2025-03-10  NAS100 20,147.00 20,156.50 19,272.25 19,452.75   -777.00       -3.84   798,366.00
716  2025-03-11  NAS100 19,440.00 19,686.75 19,139.25 19,399.00    -53.75       -0.28   857,876.00
717  2025-03-12  NAS100 19,412.75 19,788.75 19,387.00 19,618.50    219.50        1.13   702,688.00
718  2025-03-13  NAS100 19,572.00 19,694.00 19,170.00 19,249.00   -369.50       -1.88   761,160.00
719  2025-03-14  NAS100 19,312.75 19,742.50 19,296.75 19,712.00    463.00        2.41   742,663.00
720  2025-03-17  NAS100 19,668.25 19,959.25 19,550.50 19,831.75    119.75        0.61   584,953.00
721  2025-03-18  NAS100 20,041.00 20,066.50 19,604.25 19,701.75   -130.00       -0.66   569,610.00
722  2025-03-19  NAS100 19,704.75 20,143.00 19,660.00 19,951.00    249.25        1.27   574,698.00
723  2025-03-20  NAS100 19,949.75 20,105.00 19,735.25 19,879.25    -71.75       -0.36   607,253.00
724  2025-03-21  NAS100 19,898.50 19,977.50 19,602.25 19,961.00     81.75        0.41   605,235.00
725  2025-03-24  NAS100 20,050.50 20,409.50 20,050.50 20,374.25    413.25        2.07   555,043.00
726  2025-03-25  NAS100 20,353.00 20,524.75 20,293.00 20,488.50    114.25        0.56   470,886.00
727  2025-03-26  NAS100 20,511.50 20,536.75 20,045.00 20,116.50   -372.00       -1.82   620,685.00
728  2025-03-27  NAS100 20,046.00 20,199.50 19,937.25 19,990.25   -126.25       -0.63   634,738.00
729  2025-03-28  NAS100 19,995.25 20,011.75 19,357.50 19,457.00   -533.25       -2.67   696,397.00
730  2025-03-31  NAS100 19,319.75 19,489.75 18,976.75 19,439.50    -17.50       -0.09   842,547.00
731  2025-04-01  NAS100 19,411.25 19,644.00 19,261.25 19,604.50    165.00        0.85   790,964.00
732  2025-04-02  NAS100 19,600.50 20,044.25 19,076.75 19,758.00    153.50        0.78   835,319.00
733  2025-04-03  NAS100 19,020.00 19,177.00 18,614.00 18,675.50 -1,082.50       -5.48   893,793.00
734  2025-04-04  NAS100 18,660.00 18,713.00 17,387.50 17,539.00 -1,136.50       -6.09 1,199,851.00
735  2025-04-07  NAS100 17,100.00 18,361.50 16,460.00 17,563.25     24.25        0.14 1,140,389.00
736  2025-04-08  NAS100 17,665.00 18,357.25 16,973.50 17,243.75   -319.50       -1.82   956,641.00
737  2025-04-09  NAS100 17,220.25 19,386.75 16,735.00 19,288.75  2,045.00       11.86 1,086,917.00
738  2025-04-10  NAS100 19,266.75 19,383.50 17,919.00 18,484.50   -804.25       -4.17   975,104.00
739  2025-04-11  NAS100 18,464.75 18,873.50 18,067.00 18,807.50    323.00        1.75   667,630.00
740  2025-04-14  NAS100 19,225.00 19,256.00 18,737.50 18,934.75    127.25        0.68   570,510.00
741  2025-04-15  NAS100 18,902.50 19,144.75 18,809.00 18,960.25     25.50        0.13   525,790.00
742  2025-04-16  NAS100 18,790.00 18,861.25 18,116.25 18,385.25   -575.00       -3.03   683,175.00
743  2025-04-17  NAS100 18,391.25 18,652.75 18,261.50 18,380.75     -4.50       -0.02   629,368.00
744  2025-04-21  NAS100 18,306.25 18,383.50 17,700.00 17,922.25   -458.50       -2.49   484,750.00
745  2025-04-22  NAS100 17,914.00 18,514.00 17,863.75 18,385.00    462.75        2.58   619,146.00
746  2025-04-23  NAS100 18,646.00 19,165.50 18,623.75 18,804.00    419.00        2.28   733,977.00
747  2025-04-24  NAS100 18,826.50 19,418.00 18,594.75 19,322.00    518.00        2.75   599,457.00
748  2025-04-25  NAS100 19,405.00 19,589.00 19,216.25 19,535.25    213.25        1.10   587,589.00
749  2025-04-28  NAS100 19,524.50 19,623.00 19,257.25 19,528.00     -7.25       -0.04   514,474.00
750  2025-04-29  NAS100 19,478.25 19,688.50 19,378.00 19,642.00    114.00        0.58   565,539.00
751  2025-04-30  NAS100 19,599.75 19,880.00 19,103.75 19,658.50     16.50        0.08   713,642.00
752  2025-05-01  NAS100 19,834.00 20,125.75 19,757.25 19,870.75    212.25        1.08   588,901.00
753  2025-05-02  NAS100 19,782.50 20,276.75 19,749.50 20,195.25    324.50        1.63   517,806.00
754  2025-05-05  NAS100 20,181.50 20,201.75 19,966.00 20,055.50   -139.75       -0.69   418,875.00
755  2025-05-06  NAS100 20,014.25 20,036.75 19,739.00 19,876.50   -179.00       -0.89   514,526.00
756  2025-05-07  NAS100 19,809.00 20,133.75 19,678.75 19,961.00     84.50        0.43   597,360.00
757  2025-05-08  NAS100 19,934.50 20,337.25 19,910.75 20,148.00    187.00        0.94   567,597.00
758  2025-05-09  NAS100 20,157.00 20,288.75 20,058.00 20,136.75    -11.25       -0.06   453,686.00
759  2025-05-12  NAS100 20,398.50 20,996.00 20,376.75 20,948.75    812.00        4.03   638,564.00
760  2025-05-13  NAS100 20,954.75 21,346.50 20,818.00 21,278.00    329.25        1.57   526,706.00
761  2025-05-14  NAS100 21,250.00 21,419.50 21,238.25 21,392.50    114.50        0.54   513,593.00
762  2025-05-15  NAS100 21,379.75 21,529.75 21,192.00 21,400.25      7.75        0.04   542,990.00
763  2025-05-16  NAS100 21,396.00 21,512.00 21,320.25 21,506.00    105.75        0.49   419,242.00
764  2025-05-19  NAS100 21,310.75 21,544.50 21,112.50 21,527.00     21.00        0.10   520,282.00
765  2025-05-20  NAS100 21,513.00 21,562.25 21,298.00 21,447.25    -79.75       -0.37   437,865.00
766  2025-05-21  NAS100 21,414.75 21,558.50 21,072.75 21,156.75   -290.50       -1.35   605,668.00
767  2025-05-22  NAS100 21,145.00 21,337.50 21,040.00 21,178.25     21.50        0.10   512,634.00
768  2025-05-23  NAS100 21,223.75 21,236.00 20,727.00 20,975.00   -203.25       -0.96   528,055.00
769  2025-05-26  NAS100 20,978.00 21,488.50 20,954.25 21,460.50    485.50        2.31   531,358.00
770  2025-05-28  NAS100 21,480.00 21,567.50 21,321.25 21,379.75    -80.75       -0.38   421,653.00
771  2025-05-29  NAS100 21,513.00 21,858.75 21,301.00 21,408.50     28.75        0.13   563,888.00
772  2025-05-30  NAS100 21,371.25 21,433.50 21,071.50 21,376.75    -31.75       -0.15   551,092.00
773  2025-06-02  NAS100 21,303.75 21,576.25 21,163.00 21,534.50    157.75        0.74   434,593.00
774  2025-06-03  NAS100 21,555.00 21,759.75 21,399.25 21,706.00    171.50        0.80   427,859.00
775  2025-06-04  NAS100 21,688.25 21,803.00 21,641.00 21,766.50     60.50        0.28   403,012.00
776  2025-06-05  NAS100 21,744.75 21,935.00 21,503.50 21,582.25   -184.25       -0.85   466,591.00
777  2025-06-06  NAS100 21,471.00 21,873.50 21,471.00 21,789.50    207.25        0.96   466,591.00
778  2025-06-09  NAS100 21,799.25 21,890.75 21,716.00 21,821.50     32.00        0.15   354,827.00
779  2025-06-10  NAS100 21,824.00 21,992.25 21,732.00 21,962.50    141.00        0.65   439,539.00
780  2025-06-11  NAS100 21,945.75 22,106.00 21,790.75 21,887.50    -75.00       -0.34   523,556.00
781  2025-06-12  NAS100 21,871.00 21,977.25 21,713.25 21,932.50     45.00        0.21   397,839.00
782  2025-06-13  NAS100 21,909.00 21,915.75 21,471.00 21,644.25   -288.25       -1.31   556,189.00
783  2025-06-16  NAS100 21,772.50 22,222.00 21,726.00 22,168.25    524.00        2.42   420,107.00
784  2025-06-17  NAS100 22,176.00 22,177.25 21,909.50 21,956.00   -212.25       -0.96   476,443.00
785  2025-06-18  NAS100 21,927.50 22,097.75 21,862.25 21,945.25    -10.75       -0.05   481,857.00
786  2025-06-19  NAS100 21,956.75 22,130.50 21,650.25 21,844.75   -100.50       -0.46   649,884.00
787  2025-06-23  NAS100 21,648.25 22,093.00 21,566.75 22,073.50    228.75        1.05   549,766.00
788  2025-06-24  NAS100 22,079.00 22,448.25 22,065.75 22,412.75    339.25        1.54   447,975.00
789  2025-06-25  NAS100 22,412.00 22,548.25 22,384.50 22,461.00     48.25        0.22   397,611.00
790  2025-06-26  NAS100 22,461.25 22,694.00 22,437.75 22,669.25    208.25        0.93   422,397.00
791  2025-06-27  NAS100 22,676.25 22,825.50 22,600.00 22,751.50     82.25        0.36   487,835.00
792  2025-06-30  NAS100 22,751.50 22,934.75 22,751.50 22,893.25    141.75        0.62   434,250.00
793  2025-07-01  NAS100 22,867.50 22,914.75 22,594.50 22,692.75   -200.50       -0.88   495,079.00
794  2025-07-02  NAS100 22,694.50 22,858.75 22,582.00 22,843.00    150.25        0.66   408,882.00
795  2025-07-03  NAS100 22,845.00 23,102.50 22,827.00 23,062.50    219.50        0.96   269,075.00
796  2025-07-04  NAS100 22,970.00 23,028.50 22,779.75 22,884.75   -177.75       -0.77   537,930.00
797  2025-07-08  NAS100 22,837.75 22,972.75 22,808.50 22,896.75     12.00        0.05   420,913.00
798  2025-07-09  NAS100 22,906.50 23,112.00 22,843.50 23,052.75    156.00        0.68   450,523.00
799  2025-07-10  NAS100 23,041.00 23,090.00 22,901.25 23,013.25    -39.50       -0.17   391,782.00
800  2025-07-11  NAS100 23,011.75 23,048.75 22,831.50 22,959.00    -54.25       -0.24   461,057.00
801  2025-07-14  NAS100 22,860.75 23,066.50 22,803.00 23,035.50     76.50        0.33   414,465.00
802  2025-07-15  NAS100 23,034.25 23,222.75 22,996.00 23,056.75     21.25        0.09   524,056.00
803  2025-07-16  NAS100 23,018.75 23,100.00 22,835.50 23,076.50     19.75        0.09   548,602.00
804  2025-07-17  NAS100 23,065.50 23,279.75 23,017.00 23,251.00    174.50        0.76   445,290.00
805  2025-07-18  NAS100 23,261.25 23,320.75 23,169.50 23,224.25    -26.75       -0.12   450,704.00
806  2025-07-21  NAS100 23,232.50 23,424.75 23,203.75 23,342.00    117.75        0.51   398,833.00
807  2025-07-22  NAS100 23,339.50 23,367.00 23,108.00 23,226.25   -115.75       -0.50   537,829.00
808  2025-07-23  NAS100 23,191.25 23,418.00 23,146.75 23,310.75     84.50        0.36   512,963.00
809  2025-07-24  NAS100 23,402.25 23,424.50 23,298.25 23,377.50     66.75        0.29   435,559.00
810  2025-07-25  NAS100 23,391.50 23,476.00 23,330.75 23,421.25     43.75        0.19   395,469.00
811  2025-07-28  NAS100 23,520.00 23,585.25 23,436.75 23,491.25     70.00        0.30   424,393.00
812  2025-07-29  NAS100 23,504.25 23,652.50 23,421.25 23,452.00    -39.25       -0.17   538,169.00
813  2025-07-30  NAS100 23,452.00 23,689.00 23,356.50 23,480.50     28.50        0.12   538,732.00
814  2025-07-31  NAS100 23,705.00 23,845.00 23,290.50 23,365.00   -115.50       -0.49   739,642.00
815  2025-08-01  NAS100 23,308.50 23,347.50 22,775.00 22,883.75   -481.25       -2.06   803,558.00
816  2025-08-04  NAS100 22,850.00 23,352.50 22,821.75 23,296.50    412.75        1.80   472,671.00
817  2025-08-05  NAS100 23,354.00 23,404.25 23,084.50 23,132.00   -164.50       -0.71   542,676.00
818  2025-08-06  NAS100 23,091.75 23,445.25 23,045.50 23,422.75    290.75        1.26   527,514.00
819  2025-08-07  NAS100 23,418.50 23,671.00 23,329.00 23,496.25     73.50        0.31   561,716.00
820  2025-08-08  NAS100 23,518.25 23,767.75 23,503.00 23,713.75    217.50        0.93   454,190.00
821  2025-08-11  NAS100 23,764.00 23,804.50 23,587.50 23,637.50    -76.25       -0.32   443,981.00
822  2025-08-12  NAS100 23,635.00 23,953.50 23,596.00 23,938.00    300.50        1.27   488,577.00
823  2025-08-13  NAS100 23,945.00 24,068.50 23,886.00 23,946.50      8.50        0.04   453,506.00
824  2025-08-14  NAS100 23,927.75 24,007.75 23,793.25 23,930.50    -16.00       -0.07   492,051.00
825  2025-08-15  NAS100 23,888.75 23,963.00 23,734.50 23,804.00   -126.50       -0.53   441,888.00
826  2025-08-18  NAS100 23,795.00 23,881.75 23,719.00 23,797.75     -6.25       -0.03   399,622.00
827  2025-08-19  NAS100 23,800.75 23,838.00 23,426.00 23,469.50   -328.25       -1.38   557,582.00
828  2025-08-20  NAS100 23,461.00 23,485.50 23,035.00 23,324.00   -145.50       -0.62   713,574.00
829  2025-08-21  NAS100 23,323.00 23,369.25 23,119.00 23,219.75   -104.25       -0.45   525,924.00
830  2025-08-22  NAS100 23,225.25 23,650.00 23,076.75 23,569.75    350.00        1.51   490,867.00
831  2025-08-25  NAS100 23,602.00 23,616.25 23,443.25 23,498.25    -71.50       -0.30   399,485.00
832  2025-08-26  NAS100 23,505.75 23,611.00 23,371.50 23,591.50     93.25        0.40   443,746.00
833  2025-08-27  NAS100 23,604.00 23,689.00 23,434.75 23,628.75     37.25        0.16   436,560.00
834  2025-08-28  NAS100 23,542.25 23,803.75 23,487.50 23,769.00    140.25        0.59   486,265.00
835  2025-08-29  NAS100 23,760.50 23,762.00 23,397.50 23,461.75   -307.25       -1.29   539,161.00
836  2025-09-01  NAS100 23,479.00 23,552.50 23,025.25 23,275.00   -186.75       -0.80   744,115.00
837  2025-09-03  NAS100 23,382.00 23,525.25 23,298.25 23,448.75    173.75        0.75   563,651.00
838  2025-09-04  NAS100 23,456.75 23,708.75 23,410.00 23,668.00    219.25        0.94   484,986.00
839  2025-09-05  NAS100 23,700.00 23,902.00 23,505.00 23,684.00     16.00        0.07   674,088.00
840  2025-09-08  NAS100 23,673.50 23,888.00 23,650.25 23,799.75    115.75        0.49   457,632.00
841  2025-09-09  NAS100 23,799.00 23,921.25 23,726.00 23,874.00     74.25        0.31   473,187.00
842  2025-09-10  NAS100 23,898.50 24,044.25 23,785.00 23,877.75      3.75        0.02   521,709.00
843  2025-09-11  NAS100 23,853.75 24,046.00 23,838.00 24,017.75    140.00        0.59   445,071.00
844  2025-09-12  NAS100 24,028.25 24,159.00 23,969.00 24,113.25     95.50        0.40   425,565.00
845  2025-09-15  NAS100 24,115.25 24,315.50 24,076.00 24,309.25    196.00        0.81   366,064.00
846  2025-09-16  NAS100 24,533.75 24,647.25 24,499.25 24,522.25    213.00        0.88   431,717.00
847  2025-09-17  NAS100 24,526.75 24,553.00 24,242.00 24,465.25    -57.00       -0.23   610,140.00
848  2025-09-18  NAS100 24,498.50 24,816.00 24,495.25 24,705.50    240.25        0.98   557,622.00
849  2025-09-19  NAS100 24,717.75 24,888.00 24,655.00 24,866.25    160.75        0.65   505,600.00
850  2025-09-22  NAS100 24,850.00 25,027.25 24,748.75 25,003.00    136.75        0.55   481,197.00
851  2025-09-23  NAS100 24,995.00 25,026.00 24,780.50 24,827.25   -175.75       -0.70   564,182.00
852  2025-09-24  NAS100 24,839.50 24,913.50 24,627.00 24,739.25    -88.00       -0.35   530,441.00
853  2025-09-25  NAS100 24,746.00 24,793.50 24,422.50 24,629.25   -110.00       -0.44   710,112.00
854  2025-09-26  NAS100 24,642.50 24,747.50 24,520.00 24,726.75     97.50        0.40   548,790.00
855  2025-09-29  NAS100 24,726.50 24,975.50 24,721.75 24,837.75    111.00        0.45   508,361.00
856  2025-09-30  NAS100 24,817.75 24,913.75 24,722.25 24,901.75     64.00        0.26   513,254.00
857  2025-10-01  NAS100 24,843.00 25,036.75 24,633.25 25,017.50    115.75        0.46   474,674.00
858  2025-10-02  NAS100 25,009.25 25,180.00 24,993.75 25,110.00     92.50        0.37   460,294.00
859  2025-10-03  NAS100 25,101.50 25,196.50 24,923.25 24,992.00   -118.00       -0.47   490,721.00
860  2025-10-06  NAS100 25,000.00 25,252.75 24,995.00 25,184.75    192.75        0.77   414,908.00
861  2025-10-07  NAS100 25,184.50 25,275.00 24,984.75 25,039.25   -145.50       -0.58   539,431.00
862  2025-10-08  NAS100 25,059.75 25,364.75 25,026.25 25,331.00    291.75        1.17   451,309.00
863  2025-10-09  NAS100 25,351.50 25,394.00 25,160.75 25,289.25    -41.75       -0.16   500,933.00
864  2025-10-10  NAS100 25,287.75 25,388.00 24,158.50 24,397.00   -892.25       -3.53   934,374.00
865  2025-10-13  NAS100 24,542.00 24,965.00 24,542.00 24,922.25    525.25        2.15   934,374.00
866  2025-10-14  NAS100 24,913.75 25,044.25 24,421.00 24,762.50   -159.75       -0.64   729,059.00
867  2025-10-15  NAS100 24,754.00 25,115.00 24,663.25 24,924.50    162.00        0.65   637,036.00
868  2025-10-16  NAS100 24,937.00 25,179.50 24,643.50 24,831.25    -93.25       -0.37   738,759.00
869  2025-10-17  NAS100 24,793.75 25,055.75 24,410.00 24,986.50    155.25        0.63   743,681.00
870  2025-10-20  NAS100 25,065.75 25,354.50 24,955.75 25,305.25    318.75        1.28   437,206.00
871  2025-10-21  NAS100 25,326.75 25,368.00 25,203.25 25,294.75    -10.50       -0.04   441,490.00
872  2025-10-22  NAS100 25,283.75 25,338.25 24,804.75 25,039.25   -255.50       -1.01   695,128.00
873  2025-10-23  NAS100 25,012.25 25,296.00 24,937.00 25,254.00    214.75        0.86   527,352.00
874  2025-10-24  NAS100 25,283.25 25,570.75 25,276.00 25,509.25    255.25        1.01   467,727.00
875  2025-10-27  NAS100 25,723.50 26,013.50 25,700.00 25,963.75    454.50        1.78   435,230.00
876  2025-10-28  NAS100 26,002.50 26,231.50 25,943.00 26,163.50    199.75        0.77   452,121.00
877  2025-10-29  NAS100 26,179.75 26,379.75 26,049.25 26,262.50     99.00        0.38   557,797.00
878  2025-10-30  NAS100 26,154.50 26,399.00 25,853.00 25,882.75   -379.75       -1.45   665,782.00
879  2025-10-31  NAS100 26,150.50 26,274.00 25,888.75 26,004.00    121.25        0.47   597,984.00
880  2025-11-03  NAS100 26,028.25 26,266.00 26,012.75 26,103.25     99.25        0.38   473,749.00
881  2025-11-04  NAS100 26,104.50 26,104.50 25,522.75 25,575.25   -528.00       -2.02   669,483.00
882  2025-11-05  NAS100 25,545.00 25,880.00 25,282.00 25,746.25    171.00        0.67   618,171.00
883  2025-11-06  NAS100 25,738.50 25,822.25 25,197.75 25,244.25   -502.00       -1.95   754,444.00
884  2025-11-07  NAS100 25,314.75 25,354.75 24,709.25 25,166.25    -78.00       -0.31   765,092.00
885  2025-11-10  NAS100 25,320.75 25,760.50 25,269.00 25,714.50    548.25        2.18   626,203.00
886  2025-11-11  NAS100 25,722.25 25,768.75 25,478.50 25,640.75    -73.75       -0.29   537,967.00
887  2025-11-12  NAS100 25,668.00 25,830.00 25,488.75 25,623.75    -17.00       -0.07   606,259.00
888  2025-11-13  NAS100 25,624.00 25,721.50 25,002.50 25,094.75   -529.00       -2.06   775,125.00
889  2025-11-14  NAS100 25,095.25 25,293.25 24,626.00 25,094.00     -0.75       -0.00   862,322.00
890  2025-11-17  NAS100 25,142.25 25,361.25 24,731.75 24,879.00   -215.00       -0.86   738,978.00
891  2025-11-18  NAS100 24,905.50 24,959.50 24,376.25 24,595.75   -283.25       -1.14   871,074.00
892  2025-11-19  NAS100 24,551.00 24,988.00 24,445.00 24,721.75    126.00        0.51   770,449.00
893  2025-11-20  NAS100 24,966.75 25,310.00 24,073.25 24,131.50   -590.25       -2.39   995,836.00
894  2025-11-21  NAS100 24,110.00 24,596.25 23,904.50 24,305.50    174.00        0.72   918,728.00
895  2025-11-24  NAS100 24,455.75 24,993.50 24,361.75 24,948.25    642.75        2.64   604,148.00
896  2025-11-25  NAS100 24,966.25 25,135.25 24,602.00 25,085.50    137.25        0.55   629,575.00
897  2025-11-26  NAS100 25,071.25 25,376.00 25,061.25 25,302.25    216.75        0.86   522,196.00
898  2025-11-27  NAS100 25,313.00 25,499.75 25,285.75 25,482.00    179.75        0.71   199,445.00
899  2025-12-01  NAS100 25,482.50 25,546.00 25,193.25 25,391.25    -90.75       -0.36   574,734.00
900  2025-12-02  NAS100 25,411.50 25,670.00 25,324.75 25,606.00    214.75        0.85   561,951.00
901  2025-12-03  NAS100 25,611.00 25,685.25 25,421.50 25,657.50     51.50        0.20   494,194.00
902  2025-12-04  NAS100 25,650.25 25,732.50 25,488.75 25,622.75    -34.75       -0.14   509,526.00
903  2025-12-05  NAS100 25,629.75 25,868.00 25,579.75 25,732.00    109.25        0.43   498,264.00
904  2025-12-08  NAS100 25,750.00 25,860.75 25,564.75 25,664.00    -68.00       -0.26   473,150.00
905  2025-12-09  NAS100 25,713.00 25,735.75 25,560.00 25,699.75     35.75        0.14   407,387.00
906  2025-12-10  NAS100 25,680.00 25,870.75 25,528.75 25,798.00     98.25        0.38   556,710.00
907  2025-12-11  NAS100 25,769.50 25,861.50 25,383.00 25,713.50    -84.50       -0.33   637,723.00
908  2025-12-12  NAS100 25,701.00 25,733.25 25,118.00 25,213.50   -500.00       -1.94   760,749.00
909  2025-12-15  NAS100 25,223.50 25,410.00 25,033.25 25,093.25   -120.25       -0.48   448,073.00
910  2025-12-16  NAS100 25,345.75 25,444.00 25,073.25 25,380.25    287.00        1.14   671,994.00
911  2025-12-17  NAS100 25,332.00 25,508.50 24,887.75 24,898.75   -481.50       -1.90   693,927.00
912  2025-12-18  NAS100 24,983.50 25,412.50 24,901.25 25,261.75    363.00        1.46   711,273.00
913  2025-12-19  NAS100 25,240.00 25,600.25 25,209.75 25,574.75    313.00        1.24   502,611.00
914  2025-12-22  NAS100 25,635.25 25,794.75 25,628.00 25,692.25    117.50        0.46   367,322.00
915  2025-12-23  NAS100 25,701.00 25,822.50 25,608.25 25,812.25    120.00        0.47   336,346.00
916  2025-12-24  NAS100 25,815.75 25,892.00 25,777.50 25,880.50     68.25        0.26   163,037.00
917  2025-12-26  NAS100 25,868.00 25,935.25 25,834.25 25,863.25    -17.25       -0.07   240,485.00
918  2025-12-29  NAS100 25,863.25 25,893.75 25,648.00 25,739.75   -123.50       -0.48   347,055.00
919  2025-12-30  NAS100 25,740.00 25,793.75 25,668.25 25,675.25    -64.50       -0.25   300,558.00
920  2025-12-31  NAS100 25,683.25 25,716.75 25,429.00 25,456.75   -218.50       -0.85   329,352.00
921  2026-01-02  NAS100 25,478.50 25,803.75 25,265.25 25,385.25    -71.50       -0.28   554,838.00
922  2026-01-05  NAS100 25,431.75 25,708.00 25,406.50 25,577.75    192.50        0.76   461,305.00
923  2026-01-06  NAS100 25,583.00 25,837.75 25,527.50 25,822.00    244.25        0.95   445,573.00
924  2026-01-07  NAS100 25,831.25 25,996.25 25,727.00 25,838.75     16.75        0.06   477,861.00
925  2026-01-08  NAS100 25,838.75 25,849.75 25,569.00 25,687.50   -151.25       -0.59   510,805.00
926  2026-01-09  NAS100 25,725.00 25,985.50 25,615.50 25,938.25    250.75        0.98   509,669.00
927  2026-01-12  NAS100 25,949.00 26,020.50 25,632.75 25,956.75     18.50        0.07   452,996.00
928  2026-01-13  NAS100 25,953.50 26,045.50 25,803.25 25,906.00    -50.75       -0.20   560,438.00
929  2026-01-14  NAS100 25,900.75 25,925.75 25,420.75 25,631.00   -275.00       -1.06   647,871.00
930  2026-01-15  NAS100 25,593.00 25,952.75 25,562.50 25,705.75     74.75        0.29   591,058.00
931  2026-01-16  NAS100 25,720.50 25,891.00 25,591.50 25,689.00    -16.75       -0.07   490,573.00
932  2026-01-19  NAS100 25,471.00 25,472.00 25,095.25 25,129.25   -559.75       -2.18   864,568.00
933  2026-01-21  NAS100 25,149.50 25,653.50 25,025.00 25,471.00    341.75        1.36   810,753.00
934  2026-01-22  NAS100 25,529.50 25,739.75 25,483.75 25,658.25    187.25        0.74   533,607.00
935  2026-01-23  NAS100 25,605.00 25,845.75 25,540.25 25,738.25     80.00        0.31   504,901.00
936  2026-01-26  NAS100 25,585.50 25,936.50 25,365.25 25,848.50    110.25        0.43   450,290.00
937  2026-01-27  NAS100 25,861.25 26,118.00 25,838.50 26,073.00    224.50        0.87   429,460.00
938  2026-01-28  NAS100 26,111.25 26,349.00 25,993.25 26,156.25     83.25        0.32   511,937.00
939  2026-01-29  NAS100 26,282.50 26,296.00 25,536.00 25,999.25   -157.00       -0.60   699,097.00
940  2026-01-30  NAS100 25,998.50 26,020.00 25,568.75 25,670.00   -329.25       -1.27   712,197.00
941  2026-02-02  NAS100 25,530.00 25,949.50 25,180.25 25,850.00    180.00        0.70   578,865.00
942  2026-02-03  NAS100 25,876.50 26,027.75 25,219.00 25,452.00   -398.00       -1.54   696,150.00
943  2026-02-04  NAS100 25,387.50 25,514.25 24,783.50 24,999.25   -452.75       -1.78   742,646.00
944  2026-02-05  NAS100 25,061.75 25,169.00 24,407.25 24,651.00   -348.25       -1.39   774,469.00
945  2026-02-06  NAS100 24,416.00 25,222.00 24,239.75 25,163.25    512.25        2.08   653,956.00
946  2026-02-09  NAS100 25,153.75 25,428.75 24,955.50 25,354.00    190.75        0.76   492,306.00
947  2026-02-10  NAS100 25,363.00 25,447.25 25,198.25 25,218.25   -135.75       -0.54   477,554.00
948  2026-02-11  NAS100 25,259.00 25,465.25 25,058.25 25,288.50     70.25        0.28   531,730.00
949  2026-02-12  NAS100 25,289.00 25,419.75 24,721.50 24,768.00   -520.50       -2.06   668,338.00
950  2026-02-13  NAS100 24,842.25 24,995.50 24,578.75 24,803.25     35.25        0.14   688,226.00
951  2026-02-16  NAS100 24,789.75 24,922.25 24,449.25 24,767.75    -35.50       -0.14   752,646.00
952  2026-02-18  NAS100 24,773.75 25,128.25 24,700.75 24,956.00    188.25        0.76   540,796.00
953  2026-02-19  NAS100 24,943.50 25,054.00 24,749.00 24,858.75    -97.25       -0.39   515,038.00
954  2026-02-20  NAS100 24,837.75 25,139.50 24,678.50 25,067.50    208.75        0.84   615,358.00
955  2026-02-23  NAS100 25,033.75 25,059.75 24,668.00 24,762.75   -304.75       -1.22   594,568.00
956  2026-02-24  NAS100 24,788.00 25,078.75 24,694.50 25,028.75    266.00        1.07   520,239.00
957  2026-02-25  NAS100 25,016.25 25,494.75 24,992.00 25,382.00    353.25        1.41   417,621.00
958  2026-02-26  NAS100 25,388.25 25,418.25 24,861.75 25,081.00   -301.00       -1.19   605,581.00
959  2026-02-27  NAS100 25,024.25 25,098.75 24,782.00 25,004.75    -76.25       -0.30   561,211.00
960  2026-03-02  NAS100 24,682.50 25,101.00 24,477.00 25,025.25     20.50        0.08   627,650.00
961  2026-03-03  NAS100 25,002.75 25,011.00 24,352.00 24,755.75   -269.50       -1.08   719,421.00
962  2026-03-04  NAS100 24,710.75 25,217.75 24,499.00 25,128.25    372.50        1.50   603,596.00
963  2026-03-05  NAS100 25,156.50 25,250.00 24,772.50 25,049.50    -78.75       -0.31   683,962.00
964  2026-03-06  NAS100 25,019.75 25,141.50 24,601.00 24,670.25   -379.25       -1.51   645,082.00
965  2026-03-09  NAS100 24,435.25 25,058.00 24,000.00 24,991.00    320.75        1.30   708,630.00
966  2026-03-10  NAS100 24,981.50 25,217.50 24,830.00 24,982.50     -8.50       -0.03   564,644.00
967  2026-03-11  NAS100 25,010.25 25,180.00 24,873.50 24,983.50      1.00        0.00   476,593.00
968  2026-03-12  NAS100 24,934.50 24,949.25 24,517.75 24,560.00   -423.50       -1.70   565,145.00
969  2026-03-13  NAS100 24,567.00 24,805.25 24,333.75 24,394.25   -165.75       -0.67   609,146.00
970  2026-03-16  NAS100 24,285.00 24,816.25 24,278.00 24,675.75    281.50        1.15   413,547.00
971  2026-03-17  NAS100 24,870.00 25,117.00 24,728.25 25,015.50    339.75        1.38   482,054.00
972  2026-03-18  NAS100 25,019.75 25,210.50 24,565.50 24,651.25   -364.25       -1.46   501,039.00
973  2026-03-19  NAS100 24,622.00 24,725.25 24,326.75 24,580.00    -71.25       -0.29   628,561.00
974  2026-03-20  NAS100 24,632.75 24,660.50 23,971.25 24,101.50   -478.50       -1.95   611,673.00
975  2026-03-23  NAS100 23,902.00 24,763.00 23,772.50 24,408.25    306.75        1.27   683,625.00
976  2026-03-24  NAS100 24,417.25 24,550.00 24,134.00 24,213.75   -194.50       -0.80   544,209.00
977  2026-03-25  NAS100 24,420.00 24,539.75 24,286.50 24,367.75    154.00        0.64   525,449.00
978  2026-03-26  NAS100 24,373.50 24,421.25 23,763.25 23,794.25   -573.50       -2.35   557,306.00
979  2026-03-27  NAS100 23,824.00 23,976.00 23,232.50 23,328.50   -465.75       -1.96   559,271.00
980  2026-03-30  NAS100 23,189.50 23,574.00 23,024.50 23,139.75   -188.75       -0.81   559,453.00
981  2026-03-31  NAS100 23,119.50 23,975.25 22,961.50 23,915.00    775.25        3.35   755,160.00
982  2026-04-01  NAS100 23,889.00 24,348.25 23,880.00 24,194.75    279.75        1.17   579,693.00
983  2026-04-02  NAS100 24,180.00 24,266.75 23,666.00 24,218.00     23.25        0.10   576,893.00
984  2026-04-03  NAS100 24,219.50 24,255.00 24,106.00 24,129.75    -88.25       -0.36    42,436.00
985  2026-04-06  NAS100 24,093.50 24,452.25 23,981.50 24,358.50    228.75        0.95   444,473.00
986  2026-04-07  NAS100 24,348.75 24,451.50 23,941.50 24,371.00     12.50        0.05   575,961.00
987  2026-04-08  NAS100 24,514.00 25,257.00 24,355.00 25,074.25    703.25        2.89   644,388.00
988  2026-04-09  NAS100 25,037.75 25,269.75 24,953.00 25,251.50    177.25        0.71   514,186.00
989  2026-04-10  NAS100 25,237.00 25,393.00 25,193.00 25,281.25     29.75        0.12   430,719.00
990  2026-04-13  NAS100 24,980.00 25,599.25 24,904.50 25,543.50    262.25        1.04   507,117.00
991  2026-04-14  NAS100 25,575.25 26,003.25 25,560.00 25,996.75    453.25        1.77   477,724.00
992  2026-04-15  NAS100 25,985.75 26,377.50 25,933.75 26,365.50    368.75        1.42   521,771.00
993  2026-04-16  NAS100 26,350.00 26,564.00 26,275.50 26,487.25    121.75        0.46   590,117.00
994  2026-04-17  NAS100 26,460.00 26,884.75 26,440.00 26,825.50    338.25        1.28   599,136.00
995  2026-04-20  NAS100 26,599.75 26,827.75 26,535.00 26,748.75    -76.75       -0.29   490,773.00
996  2026-04-21  NAS100 26,776.75 26,901.75 26,551.75 26,634.75   -114.00       -0.43   599,857.00
997  2026-04-22  NAS100 26,729.50 27,136.00 26,727.75 27,083.00    448.25        1.68   498,811.00
998  2026-04-23  NAS100 27,075.00 27,155.75 26,681.75 26,934.00   -149.00       -0.55   635,424.00
999  2026-04-24  NAS100 26,992.00 27,462.50 26,992.00 27,435.00    501.00        1.86   532,640.00

==================================================
      HOÀN THÀNH PHÂN TÍCH TẤT CẢ CÁC MÃ          
==================================================
