
  ╭──────────────────────────────────────────────────────────╮
  │  ⚠️  VNSTOCK DEPRECATION NOTICE (31/08/2025)             │
  │                                                          │
  │  Lớp Vnstock và các phương thức cũ (stock, fx, crypto,   │
  │  world_index, fund...) đã chính thức bị ngừng hỗ trợ.    │
  │                                                          │
  │  Để hệ thống ổn định và nhận được cập nhật mới nhất,     │
  │  vui lòng chuyển sang dùng bộ thư viện `vnstock.api`.    │
  │                                                          │
  │  👉 Xem hướng dẫn Migration: /vnstock-migration          │
  ╰──────────────────────────────────────────────────────────╯

Mẫu code chuyển đổi (Migration Example):
--------------------------------------
Cũ (Old):  stock = Vnstock().stock('ACB')
Mới (New): from vnstock.api.quote import Quote
          q = Quote(symbol='ACB', source='VCI')

==================================================
      VNSTOCK 4.x OPTIMIZED ANALYZER
      Danh sách: NAS100
      Khung: 1D, Số lượng: 100
==================================================

==================================================
      PHÂN TÍCH MÃ: NAS100 (Nasdaq 100 Futures) 
      Khung thời gian: 1D
==================================================

--- [ LỊCH SỬ GIÁ NAS100  ] ---
          time  symbol      open      high       low     close  change  pct_change     volume
0   2026-01-09  NAS100 25,725.00 25,985.50 25,615.50 25,938.25  250.75        0.98 509,669.00
1   2026-01-12  NAS100 25,949.00 26,020.50 25,632.75 25,956.75   18.50        0.07 452,996.00
2   2026-01-13  NAS100 25,953.50 26,045.50 25,803.25 25,906.00  -50.75       -0.20 560,438.00
3   2026-01-14  NAS100 25,900.75 25,925.75 25,420.75 25,631.00 -275.00       -1.06 647,871.00
4   2026-01-15  NAS100 25,593.00 25,952.75 25,562.50 25,705.75   74.75        0.29 591,058.00
5   2026-01-16  NAS100 25,720.50 25,891.00 25,591.50 25,689.00  -16.75       -0.07 490,573.00
6   2026-01-19  NAS100 25,471.00 25,472.00 25,095.25 25,129.25 -559.75       -2.18 864,568.00
7   2026-01-21  NAS100 25,149.50 25,653.50 25,025.00 25,471.00  341.75        1.36 810,753.00
8   2026-01-22  NAS100 25,529.50 25,739.75 25,483.75 25,658.25  187.25        0.74 533,607.00
9   2026-01-23  NAS100 25,605.00 25,845.75 25,540.25 25,738.25   80.00        0.31 504,901.00
10  2026-01-26  NAS100 25,585.50 25,936.50 25,365.25 25,848.50  110.25        0.43 450,290.00
11  2026-01-27  NAS100 25,861.25 26,118.00 25,838.50 26,073.00  224.50        0.87 429,460.00
12  2026-01-28  NAS100 26,111.25 26,349.00 25,993.25 26,156.25   83.25        0.32 511,937.00
13  2026-01-29  NAS100 26,282.50 26,296.00 25,536.00 25,999.25 -157.00       -0.60 699,097.00
14  2026-01-30  NAS100 25,998.50 26,020.00 25,568.75 25,670.00 -329.25       -1.27 712,197.00
15  2026-02-02  NAS100 25,530.00 25,949.50 25,180.25 25,850.00  180.00        0.70 578,865.00
16  2026-02-03  NAS100 25,876.50 26,027.75 25,219.00 25,452.00 -398.00       -1.54 696,150.00
17  2026-02-04  NAS100 25,387.50 25,514.25 24,783.50 24,999.25 -452.75       -1.78 742,646.00
18  2026-02-05  NAS100 25,061.75 25,169.00 24,407.25 24,651.00 -348.25       -1.39 774,469.00
19  2026-02-06  NAS100 24,416.00 25,222.00 24,239.75 25,163.25  512.25        2.08 653,956.00
20  2026-02-09  NAS100 25,153.75 25,428.75 24,955.50 25,354.00  190.75        0.76 492,306.00
21  2026-02-10  NAS100 25,363.00 25,447.25 25,198.25 25,218.25 -135.75       -0.54 477,554.00
22  2026-02-11  NAS100 25,259.00 25,465.25 25,058.25 25,288.50   70.25        0.28 531,730.00
23  2026-02-12  NAS100 25,289.00 25,419.75 24,721.50 24,768.00 -520.50       -2.06 668,338.00
24  2026-02-13  NAS100 24,842.25 24,995.50 24,578.75 24,803.25   35.25        0.14 688,226.00
25  2026-02-16  NAS100 24,789.75 24,922.25 24,449.25 24,767.75  -35.50       -0.14 752,646.00
26  2026-02-18  NAS100 24,773.75 25,128.25 24,700.75 24,956.00  188.25        0.76 540,796.00
27  2026-02-19  NAS100 24,943.50 25,054.00 24,749.00 24,858.75  -97.25       -0.39 515,038.00
28  2026-02-20  NAS100 24,837.75 25,139.50 24,678.50 25,067.50  208.75        0.84 615,358.00
29  2026-02-23  NAS100 25,033.75 25,059.75 24,668.00 24,762.75 -304.75       -1.22 594,568.00
30  2026-02-24  NAS100 24,788.00 25,078.75 24,694.50 25,028.75  266.00        1.07 520,239.00
31  2026-02-25  NAS100 25,016.25 25,494.75 24,992.00 25,382.00  353.25        1.41 417,621.00
32  2026-02-26  NAS100 25,388.25 25,418.25 24,861.75 25,081.00 -301.00       -1.19 605,581.00
33  2026-02-27  NAS100 25,024.25 25,098.75 24,782.00 25,004.75  -76.25       -0.30 561,211.00
34  2026-03-02  NAS100 24,682.50 25,101.00 24,477.00 25,025.25   20.50        0.08 627,650.00
35  2026-03-03  NAS100 25,002.75 25,011.00 24,352.00 24,755.75 -269.50       -1.08 719,421.00
36  2026-03-04  NAS100 24,710.75 25,217.75 24,499.00 25,128.25  372.50        1.50 603,596.00
37  2026-03-05  NAS100 25,156.50 25,250.00 24,772.50 25,049.50  -78.75       -0.31 683,962.00
38  2026-03-06  NAS100 25,019.75 25,141.50 24,601.00 24,670.25 -379.25       -1.51 645,082.00
39  2026-03-09  NAS100 24,435.25 25,058.00 24,000.00 24,991.00  320.75        1.30 708,630.00
40  2026-03-10  NAS100 24,981.50 25,217.50 24,830.00 24,982.50   -8.50       -0.03 564,644.00
41  2026-03-11  NAS100 25,010.25 25,180.00 24,873.50 24,983.50    1.00        0.00 476,593.00
42  2026-03-12  NAS100 24,934.50 24,949.25 24,517.75 24,560.00 -423.50       -1.70 565,145.00
43  2026-03-13  NAS100 24,567.00 24,805.25 24,333.75 24,394.25 -165.75       -0.67 609,146.00
44  2026-03-16  NAS100 24,285.00 24,816.25 24,278.00 24,675.75  281.50        1.15 413,547.00
45  2026-03-17  NAS100 24,870.00 25,117.00 24,728.25 25,015.50  339.75        1.38 482,054.00
46  2026-03-18  NAS100 25,019.75 25,210.50 24,565.50 24,651.25 -364.25       -1.46 501,039.00
47  2026-03-19  NAS100 24,622.00 24,725.25 24,326.75 24,580.00  -71.25       -0.29 628,561.00
48  2026-03-20  NAS100 24,632.75 24,660.50 23,971.25 24,101.50 -478.50       -1.95 611,673.00
49  2026-03-23  NAS100 23,902.00 24,763.00 23,772.50 24,408.25  306.75        1.27 683,625.00
50  2026-03-24  NAS100 24,417.25 24,550.00 24,134.00 24,213.75 -194.50       -0.80 544,209.00
51  2026-03-25  NAS100 24,420.00 24,539.75 24,286.50 24,367.75  154.00        0.64 525,449.00
52  2026-03-26  NAS100 24,373.50 24,421.25 23,763.25 23,794.25 -573.50       -2.35 557,306.00
53  2026-03-27  NAS100 23,824.00 23,976.00 23,232.50 23,328.50 -465.75       -1.96 559,271.00
54  2026-03-30  NAS100 23,189.50 23,574.00 23,024.50 23,139.75 -188.75       -0.81 559,453.00
55  2026-03-31  NAS100 23,119.50 23,975.25 22,961.50 23,915.00  775.25        3.35 755,160.00
56  2026-04-01  NAS100 23,889.00 24,348.25 23,880.00 24,194.75  279.75        1.17 579,693.00
57  2026-04-02  NAS100 24,180.00 24,266.75 23,666.00 24,218.00   23.25        0.10 576,893.00
58  2026-04-03  NAS100 24,219.50 24,255.00 24,106.00 24,129.75  -88.25       -0.36  42,436.00
59  2026-04-06  NAS100 24,093.50 24,452.25 23,981.50 24,358.50  228.75        0.95 444,473.00
60  2026-04-07  NAS100 24,348.75 24,451.50 23,941.50 24,371.00   12.50        0.05 575,961.00
61  2026-04-08  NAS100 24,514.00 25,257.00 24,355.00 25,074.25  703.25        2.89 644,388.00
62  2026-04-09  NAS100 25,037.75 25,269.75 24,953.00 25,251.50  177.25        0.71 514,186.00
63  2026-04-10  NAS100 25,237.00 25,393.00 25,193.00 25,281.25   29.75        0.12 430,719.00
64  2026-04-13  NAS100 24,980.00 25,599.25 24,904.50 25,543.50  262.25        1.04 507,117.00
65  2026-04-14  NAS100 25,575.25 26,003.25 25,560.00 25,996.75  453.25        1.77 477,724.00
66  2026-04-15  NAS100 25,985.75 26,377.50 25,933.75 26,365.50  368.75        1.42 521,771.00
67  2026-04-16  NAS100 26,350.00 26,564.00 26,275.50 26,487.25  121.75        0.46 590,117.00
68  2026-04-17  NAS100 26,460.00 26,884.75 26,440.00 26,825.50  338.25        1.28 599,136.00
69  2026-04-20  NAS100 26,599.75 26,827.75 26,535.00 26,748.75  -76.75       -0.29 502,901.00
70  2026-04-21  NAS100 26,776.75 26,901.75 26,551.75 26,634.75 -114.00       -0.43 610,696.00
71  2026-04-22  NAS100 26,729.50 27,136.00 26,727.75 27,083.00  448.25        1.68 512,026.00
72  2026-04-23  NAS100 27,075.00 27,155.75 26,681.75 26,934.00 -149.00       -0.55 644,095.00
73  2026-04-24  NAS100 26,992.00 27,462.50 26,992.00 27,435.00  501.00        1.86 545,525.00
74  2026-04-27  NAS100 27,403.25 27,542.50 27,298.50 27,440.50    5.50        0.02 444,514.00
75  2026-04-28  NAS100 27,423.00 27,512.00 27,009.50 27,168.75 -271.75       -0.99 603,738.00
76  2026-04-29  NAS100 27,197.25 27,414.00 27,094.00 27,325.25  156.50        0.58 516,846.00
77  2026-04-30  NAS100 27,207.00 27,622.75 27,163.25 27,596.00  270.75        0.99 701,348.00
78  2026-05-01  NAS100 27,631.75 27,917.00 27,536.25 27,835.75  239.75        0.87 509,821.00
79  2026-05-04  NAS100 27,890.00 27,965.75 27,613.00 27,776.00  -59.75       -0.21 576,727.00
80  2026-05-05  NAS100 27,760.00 28,247.00 27,731.75 28,136.00  360.00        1.30 458,058.00
81  2026-05-06  NAS100 28,250.00 28,800.00 28,243.00 28,716.75  580.75        2.06 637,911.00
82  2026-05-07  NAS100 28,662.75 28,944.75 28,552.00 28,682.25  -34.50       -0.12 657,049.00
83  2026-05-08  NAS100 28,582.00 29,386.75 28,541.00 29,332.50  650.25        2.27 543,817.00
84  2026-05-11  NAS100 29,294.00 29,480.00 29,225.75 29,424.00   91.50        0.31 558,723.00
85  2026-05-12  NAS100 29,399.00 29,455.75 28,742.00 29,170.00 -254.00       -0.86 719,824.00
86  2026-05-13  NAS100 29,143.75 29,565.50 29,055.50 29,479.25  309.25        1.06 570,739.00
87  2026-05-14  NAS100 29,537.00 29,782.00 29,448.25 29,687.75  208.50        0.71 611,771.00
88  2026-05-15  NAS100 29,690.00 29,734.00 29,089.75 29,231.75 -456.00       -1.54 750,779.00
89  2026-05-18  NAS100 29,135.00 29,419.75 28,814.75 29,096.00 -135.75       -0.46 854,443.00
90  2026-05-19  NAS100 29,100.00 29,188.50 28,663.00 28,924.25 -171.75       -0.59 717,466.00
91  2026-05-20  NAS100 28,929.75 29,397.50 28,797.25 29,390.50  466.25        1.61 606,377.00
92  2026-05-21  NAS100 29,253.00 29,554.00 29,113.00 29,447.25   56.75        0.19 612,220.00
93  2026-05-22  NAS100 29,444.00 29,749.00 29,436.00 29,558.75  111.50        0.38 495,134.00
94  2026-05-25  NAS100 29,676.25 30,118.75 29,676.25 30,073.50  514.75        1.74 668,516.00
95  2026-05-27  NAS100 30,050.00 30,379.00 29,877.50 30,047.25  -26.25       -0.09 637,375.00
96  2026-05-28  NAS100 30,120.00 30,344.50 29,763.00 30,307.00  259.75        0.86 564,551.00
97  2026-05-29  NAS100 30,328.00 30,536.00 30,216.50 30,405.25   98.25        0.32 566,984.00
98  2026-06-01  NAS100 30,415.50 30,693.00 30,291.50 30,566.25  161.00        0.53 559,666.00

==================================================
      HOÀN THÀNH PHÂN TÍCH          
==================================================
