==================================================
      VNSTOCK 4.x OPTIMIZED ANALYZER
      Danh sách: HPG
      Khung: 1W, Số lượng: 100
==================================================

==================================================
      PHÂN TÍCH MÃ: HPG  
      Khung thời gian: 1W
==================================================
┏━━━━━━━━━━━━━━━━━━━━━━━━━━━━━━━━━━━━━━━━━━━━━━━━━━━━━━━━━━━━━━━━━━━━━━━━━━━━━━━━━┓
┃                                                                                 ┃
┃                                                                                 ┃
┃  🚀 VNSTOCK INSIDERS PROGRAM - NÂNG TẦM TRẢI NGHIỆM CỦA BẠN! 🚀                 ┃
┃                                                                                 ┃
┃  Nếu bạn cảm thấy khó chịu với các thông báo và quảng cáo:                      ┃
┃                                                                                 ┃
┃  ✨ Ẩn toàn bộ thông báo và quảng cáo phiền hà                                  ┃
┃  🔓 Mở rộng khả năng sử dụng API tối đa                                         ┃
┃  ⚡ Tăng tốc tải dữ liệu từ 5-8 lần                                              ┃
┃  📈 Tăng giới hạn truy cập API lên đến 5 lần                                    ┃
┃  🤖 Dùng AI Agent viết code hiệu quả với tài liệu Agent Guide                   ┃
┃                                                                                 ┃
┃  🔗 Tham gia ngay: https://vnstocks.com/insiders-program.                       ┃
┃                                                                                 ┃
┗━━━━━━━━━━━━━━━━━━━━━━━━━━━━━━━━━━━━━━━━━━━━━━━━━━━━━━━━━━━━━━━━━━━━━━━━━━━━━━━━━┛

--- [ LỊCH SỬ GIÁ HPG  ] ---
          time symbol  open  high   low  close  change  wick_up  body  wick_dn     volume
0   2024-08-18    HPG 19.18 19.59 18.88  19.36    0.33     0.23  0.18     0.30  116124700
1   2024-08-25    HPG 19.44 19.62 18.95  18.95   -0.41     0.18 -0.49     0.00   86879000
2   2024-09-01    HPG 18.80 18.92 18.40  18.88   -0.07     0.04  0.08     0.40   64477500
3   2024-09-08    HPG 18.88 19.47 18.58  18.58   -0.30     0.59 -0.30     0.00   83341700
4   2024-09-15    HPG 18.58 19.36 18.43  19.07    0.49     0.29  0.49     0.15   99247600
5   2024-09-22    HPG 19.18 19.66 19.07  19.36    0.29     0.30  0.18     0.11  119454900
6   2024-09-29    HPG 19.47 20.07 19.40  19.47    0.11     0.60  0.00     0.07  140917400
7   2024-10-06    HPG 19.62 20.59 19.47  20.29    0.82     0.30  0.67     0.15  131835700
8   2024-10-13    HPG 20.33 20.40 19.88  20.03   -0.26     0.07 -0.30     0.15   86567200
9   2024-10-20    HPG 20.03 20.11 19.59  19.66   -0.37     0.08 -0.37     0.07   71161700
10  2024-10-27    HPG 19.70 20.18 19.66  19.73    0.07     0.45  0.03     0.04   65259100
11  2024-11-03    HPG 19.73 20.44 19.44  20.07    0.34     0.37  0.34     0.29   88144200
12  2024-11-10    HPG 20.11 20.74 19.25  19.25   -0.82     0.63 -0.86     0.00  141296900
13  2024-11-17    HPG 19.32 19.51 18.77  19.40    0.15     0.11  0.08     0.55   89236200
14  2024-11-24    HPG 19.40 19.88 19.36  19.88    0.48     0.00  0.48     0.04   61986000
15  2024-12-01    HPG 20.03 20.74 19.62  20.52    0.64     0.22  0.49     0.41  115394200
16  2024-12-08    HPG 20.55 20.96 20.14  20.22   -0.30     0.41 -0.33     0.08  103900500
17  2024-12-15    HPG 20.22 20.33 19.85  19.85   -0.37     0.11 -0.37     0.00   84335000
18  2024-12-22    HPG 19.88 20.22 19.77  19.96    0.11     0.26  0.08     0.11   64869800
19  2024-12-29    HPG 19.92 20.11 19.77  19.77   -0.19     0.19 -0.15     0.00   50576900
20  2025-01-05    HPG 19.77 19.85 18.99  18.99   -0.78     0.08 -0.78     0.00   66118200
21  2025-01-12    HPG 18.99 19.70 18.92  19.70    0.71     0.00  0.71     0.07   57615200
22  2025-01-19    HPG 19.70 19.88 19.44  19.73    0.03     0.15  0.03     0.26   56549000
23  2025-02-02    HPG 19.70 20.07 19.51  19.81    0.08     0.26  0.11     0.19   74878800
24  2025-02-09    HPG 19.70 19.70 18.88  19.40   -0.41     0.00 -0.30     0.52  131723500
25  2025-02-16    HPG 19.44 19.77 19.36  19.66    0.26     0.11  0.22     0.08   75936100
26  2025-02-23    HPG 21.04 21.15 20.22  20.81    1.15     0.11 -0.23     0.59  212621200
27  2025-03-02    HPG 20.85 21.00 20.48  20.85    0.04     0.15  0.00     0.37  148580100
28  2025-03-09    HPG 20.89 20.96 20.48  20.48   -0.37     0.07 -0.41     0.00  113399900
29  2025-03-16    HPG 20.74 20.92 20.11  20.18   -0.30     0.18 -0.56     0.07  120321700
30  2025-03-23    HPG 20.18 20.78 19.99  20.18    0.00     0.60  0.00     0.19  109390700
31  2025-03-30    HPG 20.11 20.37 17.54  18.28   -1.90     0.26 -1.83     0.74  211217200
32  2025-04-06    HPG 17.47 18.06 15.83  18.06   -0.22     0.00  0.59     1.64  191936200
33  2025-04-13    HPG 18.43 19.44 18.40  18.92    0.86     0.52  0.49     0.03  172686300
34  2025-04-20    HPG 18.92 19.10 17.39  19.10    0.18     0.00  0.18     1.53  129046900
35  2025-04-27    HPG 19.10 19.10 18.84  18.95   -0.15     0.00 -0.15     0.11   24224400
36  2025-05-04    HPG 19.07 19.36 18.80  19.07    0.12     0.29  0.00     0.27   75887600
37  2025-05-11    HPG 18.99 19.73 18.40  19.18    0.11     0.55  0.19     0.59  158540500
38  2025-05-18    HPG 19.14 19.40 18.99  19.03   -0.15     0.26 -0.11     0.04   88054900
39  2025-05-25    HPG 19.07 19.81 18.62  19.14    0.11     0.67  0.07     0.45  151340900
40  2025-06-01    HPG 19.03 19.70 18.84  19.36    0.22     0.34  0.33     0.19  139687700
41  2025-06-08    HPG 19.40 20.14 19.29  19.62    0.26     0.52  0.22     0.11  161934600
42  2025-06-15    HPG 19.59 20.22 19.59  20.07    0.45     0.15  0.48     0.00  134653500
43  2025-06-22    HPG 19.96 20.66 19.77  20.40    0.33     0.26  0.44     0.19  143554400
44  2025-06-29    HPG 20.44 21.11 20.13  20.75    0.35     0.36  0.31     0.31  120469000
45  2025-07-06    HPG 21.16 23.43 20.89  23.21    2.46     0.22  2.05     0.27  307507200
46  2025-07-13    HPG 23.39 23.61 22.67  23.12   -0.09     0.22 -0.27     0.45  238792100
47  2025-07-20    HPG 23.56 24.10 23.12  23.25    0.13     0.54 -0.31     0.13  233387800
48  2025-07-27    HPG 23.30 23.97 22.09  22.45   -0.80     0.67 -0.85     0.36  368514700
49  2025-08-03    HPG 22.40 25.57 22.27  24.99    2.54     0.58  2.59     0.13  609413200
50  2025-08-10    HPG 25.13 25.98 24.81  24.99    0.00     0.85 -0.14     0.18  415161400
51  2025-08-17    HPG 25.26 25.71 23.21  23.21   -1.78     0.45 -2.05     0.00  435369600
52  2025-08-24    HPG 23.65 24.86 23.07  24.55    1.34     0.31  0.90     0.58  351200300
53  2025-08-31    HPG 24.46 26.87 24.32  25.71    1.16     1.16  1.25     0.14  355830000
54  2025-09-07    HPG 25.62 26.87 24.99  26.78    1.07     0.09  1.16     0.63  444488300
55  2025-09-14    HPG 27.00 27.54 25.53  26.11   -0.67     0.54 -0.89     0.58  400912500
56  2025-09-21    HPG 26.11 26.15 25.22  25.48   -0.63     0.04 -0.63     0.26  194277000
57  2025-09-28    HPG 25.48 25.80 24.41  24.68   -0.80     0.32 -0.80     0.27  210706300
58  2025-10-05    HPG 25.08 26.56 25.08  26.42    1.74     0.14  1.34     0.00  277875100
59  2025-10-12    HPG 25.93 26.11 24.99  24.99   -1.43     0.18 -0.94     0.00  290392300
60  2025-10-19    HPG 24.90 25.22 23.21  23.56   -1.43     0.32 -1.34     0.35  268538800
61  2025-10-26    HPG 23.88 24.59 23.34  23.83    0.27     0.71 -0.05     0.49  138824400
62  2025-11-02    HPG 23.88 24.01 23.16  23.25   -0.58     0.13 -0.63     0.09  163266800
63  2025-11-09    HPG 23.39 24.19 23.30  24.01    0.76     0.18  0.62     0.09  151052600
64  2025-11-16    HPG 24.14 25.30 24.01  24.46    0.45     0.84  0.32     0.13  169164500
65  2025-11-23    HPG 24.46 24.59 23.70  23.70   -0.76     0.13 -0.76     0.00   92821700
66  2025-11-30    HPG 23.79 24.50 23.39  24.10    0.40     0.40  0.31     0.40  120091200
67  2025-12-07    HPG 24.01 24.19 23.21  23.21   -0.89     0.18 -0.80     0.00  135305800
68  2025-12-14    HPG 23.43 24.06 23.25  23.83    0.62     0.23  0.40     0.18  118174400
69  2025-12-21    HPG 23.83 24.72 23.43  24.01    0.18     0.71  0.18     0.40  231421300
70  2025-12-28    HPG 24.10 24.10 23.52  23.56   -0.45     0.00 -0.54     0.04   61256800
71  2026-01-04    HPG 23.56 23.92 22.63  23.39   -0.17     0.36 -0.17     0.76  195962100
72  2026-01-11    HPG 23.52 25.22 23.52  24.64    1.25     0.58  1.12     0.00  310735300
73  2026-01-18    HPG 24.90 25.17 23.79  23.88   -0.76     0.27 -1.02     0.09  173836000
74  2026-01-25    HPG 23.88 24.55 23.34  23.92    0.04     0.63  0.04     0.54  152923300
75  2026-02-01    HPG 23.92 25.53 23.43  23.92    0.00     1.61  0.00     0.49  321432400
76  2026-02-08    HPG 24.14 24.37 23.56  23.97    0.05     0.23 -0.17     0.41  120555800
77  2026-02-22    HPG 24.19 26.51 24.19  25.71    1.74     0.80  1.52     0.00  373797300
78  2026-03-01    HPG 25.17 26.11 23.92  24.32   -1.39     0.94 -0.85     0.40  316827200
79  2026-03-08    HPG 22.76 24.68 22.63  23.79   -0.53     0.89  1.03     0.13  334844100
80  2026-03-15    HPG 23.79 24.41 23.12  23.12   -0.67     0.62 -0.67     0.00  164838300
81  2026-03-22    HPG 22.90 23.83 22.54  23.65    0.53     0.18  0.75     0.36  140396700
82  2026-03-29    HPG 23.34 24.55 23.16  23.79    0.14     0.76  0.45     0.18  177721800
83  2026-04-05    HPG 23.79 25.53 23.74  24.99    1.20     0.54  1.20     0.05  187640300
84  2026-04-12    HPG 24.86 25.71 24.77  24.99    0.00     0.72  0.13     0.09  164064200
85  2026-04-19    HPG 25.13 26.29 24.55  24.90   -0.09     1.16 -0.23     0.35  218370500
86  2026-04-26    HPG 24.81 24.99 24.64  24.77   -0.13     0.18 -0.04     0.13   31310700
87  2026-05-03    HPG 24.77 24.95 24.28  24.86    0.09     0.09  0.09     0.49  131765400
88  2026-05-10    HPG 25.00 25.00 24.04  24.13   -0.73     0.00 -0.87     0.09  154259000
89  2026-05-17    HPG 24.09 24.27 23.40  23.95   -0.18     0.18 -0.14     0.55  149937700
90  2026-05-24    HPG 24.25 24.50 23.90  24.00    0.05     0.25 -0.25     0.10  102861500
91  2026-05-31    HPG 24.00 24.15 23.60  23.75   -0.25     0.15 -0.25     0.15   79727900
92  2026-06-07    HPG 23.65 23.75 23.20  23.20   -0.55     0.10 -0.45     0.00   66166200
93  2026-06-14    HPG 23.55 24.35 23.55  23.60    0.40     0.75  0.05     0.00  101976200
94  2026-06-21    HPG 23.70 23.85 23.30  23.50   -0.10     0.15 -0.20     0.20   75811200
95  2026-06-28    HPG 23.55 23.70 23.25  23.25   -0.25     0.15 -0.30     0.00   88991400
96  2026-07-05    HPG 23.40 23.60 22.95  22.95   -0.30     0.20 -0.45     0.00   71188600
97  2026-07-12    HPG 22.95 22.95 21.80  21.85   -1.10     0.00 -1.10     0.05  116142300
98  2026-07-19    HPG 21.75 21.75 20.15  20.80   -1.05     0.00 -0.95     0.65  178515400
99  2026-07-26    HPG 20.90 22.05 20.10  21.50    0.70     0.55  0.60     0.80  123445700

==================================================
      HOÀN THÀNH PHÂN TÍCH          
==================================================
