
  ╭──────────────────────────────────────────────────────────╮
  │  ⚠️  VNSTOCK DEPRECATION NOTICE (31/08/2025)             │
  │                                                          │
  │  Lớp Vnstock và các phương thức cũ (stock, fx, crypto,   │
  │  world_index, fund...) đã chính thức bị ngừng hỗ trợ.    │
  │                                                          │
  │  Để hệ thống ổn định và nhận được cập nhật mới nhất,     │
  │  vui lòng chuyển sang dùng bộ thư viện `vnstock.api`.    │
  │                                                          │
  │  👉 Xem hướng dẫn Migration: /vnstock-migration          │
  ╰──────────────────────────────────────────────────────────╯

Mẫu code chuyển đổi (Migration Example):
--------------------------------------
Cũ (Old):  stock = Vnstock().stock('ACB')
Mới (New): from vnstock.api.quote import Quote
          q = Quote(symbol='ACB', source='VCI')

==================================================
      VNSTOCK 4.x OPTIMIZED ANALYZER
      Danh sách: NAS100M
      Khung: 15m, Số lượng: 500
==================================================

==================================================
      PHÂN TÍCH MÃ: NAS100 (Nasdaq 100 Futures) 
      Khung thời gian: 15m
==================================================

--- [ LỊCH SỬ GIÁ NAS100 (Phiên Mỹ) ] ---
                    time  symbol      open      high       low     close  change  pct_change  volume
0    2026-05-13 23:00:00  NAS100 29,310.25 29,388.25 29,299.25 29,385.75   75.75        0.26   10233
1    2026-05-13 23:15:00  NAS100 29,385.75 29,444.75 29,374.00 29,436.75   51.00        0.17   15932
2    2026-05-13 23:30:00  NAS100 29,436.50 29,449.00 29,413.25 29,433.75   -3.00       -0.01   10340
3    2026-05-13 23:45:00  NAS100 29,433.50 29,463.50 29,415.50 29,447.75   14.00        0.05   12545
4    2026-05-14 00:00:00  NAS100 29,448.00 29,492.75 29,448.00 29,488.00   40.25        0.14   11893
5    2026-05-14 00:15:00  NAS100 29,488.00 29,496.25 29,463.75 29,487.25   -0.75       -0.00    8394
6    2026-05-14 00:30:00  NAS100 29,486.50 29,492.00 29,465.00 29,480.25   -7.00       -0.02    7245
7    2026-05-14 00:45:00  NAS100 29,480.50 29,488.75 29,442.50 29,444.25  -36.00       -0.12    6296
8    2026-05-14 01:00:00  NAS100 29,445.25 29,523.50 29,441.50 29,521.75   77.50        0.26   12091
9    2026-05-14 01:15:00  NAS100 29,522.00 29,565.50 29,522.00 29,550.50   28.75        0.10   15367
10   2026-05-14 01:30:00  NAS100 29,549.75 29,555.75 29,510.50 29,513.50  -37.00       -0.13   10174
11   2026-05-14 01:45:00  NAS100 29,514.00 29,523.50 29,466.75 29,472.25  -41.25       -0.14   10255
12   2026-05-14 02:00:00  NAS100 29,472.50 29,527.50 29,471.00 29,525.25   53.00        0.18   10178
13   2026-05-14 02:15:00  NAS100 29,525.00 29,540.00 29,499.50 29,525.50    0.25        0.00    8457
14   2026-05-14 02:30:00  NAS100 29,526.00 29,535.75 29,510.00 29,532.00    6.50        0.02    7624
15   2026-05-14 02:45:00  NAS100 29,532.25 29,539.50 29,449.50 29,476.00  -56.00       -0.19   25039
16   2026-05-14 03:00:00  NAS100 29,476.00 29,519.00 29,448.75 29,511.00   35.00        0.12   10525
17   2026-05-14 03:15:00  NAS100 29,511.25 29,523.75 29,508.50 29,518.25    7.25        0.02    2554
18   2026-05-14 03:30:00  NAS100 29,518.25 29,547.00 29,518.00 29,539.75   21.50        0.07    2140
19   2026-05-14 03:45:00  NAS100 29,539.75 29,540.75 29,531.75 29,536.00   -3.75       -0.01    1517
20   2026-05-14 20:00:00  NAS100 29,494.25 29,500.75 29,448.25 29,474.00  -62.00       -0.21    6405
21   2026-05-14 20:15:00  NAS100 29,473.25 29,496.75 29,452.50 29,476.25    2.25        0.01    7904
22   2026-05-14 20:30:00  NAS100 29,476.25 29,628.50 29,458.50 29,626.00  149.75        0.51   41412
23   2026-05-14 20:45:00  NAS100 29,625.50 29,684.75 29,526.75 29,541.75  -84.25       -0.28   40383
24   2026-05-14 21:00:00  NAS100 29,542.00 29,616.75 29,533.00 29,583.75   42.00        0.14   28582
25   2026-05-14 21:15:00  NAS100 29,583.00 29,666.50 29,578.25 29,623.00   39.25        0.13   22978
26   2026-05-14 21:30:00  NAS100 29,622.25 29,686.75 29,607.00 29,686.25   63.25        0.21   16154
27   2026-05-14 21:45:00  NAS100 29,686.50 29,730.00 29,664.00 29,674.25  -12.00       -0.04   21219
28   2026-05-14 22:00:00  NAS100 29,674.75 29,734.50 29,665.00 29,733.00   58.75        0.20   12777
29   2026-05-14 22:15:00  NAS100 29,733.25 29,773.75 29,731.75 29,756.75   23.75        0.08   17912
30   2026-05-14 22:30:00  NAS100 29,756.75 29,770.00 29,727.75 29,752.00   -4.75       -0.02   12154
31   2026-05-14 22:45:00  NAS100 29,752.25 29,769.75 29,733.00 29,755.25    3.25        0.01   10962
32   2026-05-14 23:00:00  NAS100 29,756.00 29,782.00 29,752.50 29,756.00    0.75        0.00   10866
33   2026-05-14 23:15:00  NAS100 29,755.75 29,782.00 29,714.50 29,727.25  -28.75       -0.10   13781
34   2026-05-14 23:30:00  NAS100 29,727.50 29,743.25 29,697.25 29,719.00   -8.25       -0.03   13442
35   2026-05-14 23:45:00  NAS100 29,718.00 29,739.00 29,692.25 29,728.00    9.00        0.03   11654
36   2026-05-15 00:00:00  NAS100 29,728.25 29,754.50 29,652.00 29,660.00  -68.00       -0.23   15868
37   2026-05-15 00:15:00  NAS100 29,659.25 29,670.00 29,595.25 29,648.00  -12.00       -0.04   23585
38   2026-05-15 00:30:00  NAS100 29,648.25 29,702.50 29,636.75 29,697.50   49.50        0.17   14203
39   2026-05-15 00:45:00  NAS100 29,698.50 29,752.50 29,698.50 29,731.00   33.50        0.11   12037
40   2026-05-15 01:00:00  NAS100 29,730.75 29,730.75 29,640.50 29,690.00  -41.00       -0.14   20576
41   2026-05-15 01:15:00  NAS100 29,690.25 29,708.00 29,660.25 29,673.50  -16.50       -0.06   11916
42   2026-05-15 01:30:00  NAS100 29,673.75 29,698.00 29,655.00 29,673.00   -0.50       -0.00    8430
43   2026-05-15 01:45:00  NAS100 29,672.75 29,717.75 29,656.25 29,708.50   35.50        0.12   10085
44   2026-05-15 02:00:00  NAS100 29,709.00 29,732.00 29,692.50 29,706.00   -2.50       -0.01   10058
45   2026-05-15 02:15:00  NAS100 29,706.75 29,735.00 29,695.25 29,698.75   -7.25       -0.02   10560
46   2026-05-15 02:30:00  NAS100 29,699.50 29,735.00 29,696.50 29,727.25   28.50        0.10   10129
47   2026-05-15 02:45:00  NAS100 29,727.50 29,731.25 29,678.50 29,686.75  -40.50       -0.14   22224
48   2026-05-15 03:00:00  NAS100 29,686.75 29,737.75 29,685.25 29,709.50   22.75        0.08    9690
49   2026-05-15 03:15:00  NAS100 29,708.25 29,711.00 29,674.25 29,681.75  -27.75       -0.09    2947
50   2026-05-15 03:30:00  NAS100 29,681.50 29,691.75 29,633.75 29,659.25  -22.50       -0.08    2830
51   2026-05-15 03:45:00  NAS100 29,659.25 29,688.50 29,657.50 29,688.50   29.25        0.10    1762
52   2026-05-15 20:00:00  NAS100 29,191.00 29,191.25 29,153.25 29,177.00 -511.50       -1.72    6862
53   2026-05-15 20:15:00  NAS100 29,177.00 29,288.25 29,167.25 29,278.25  101.25        0.35   12930
54   2026-05-15 20:30:00  NAS100 29,278.00 29,291.00 29,151.00 29,167.25 -111.00       -0.38   47566
55   2026-05-15 20:45:00  NAS100 29,167.00 29,288.00 29,089.75 29,143.25  -24.00       -0.08   45846
56   2026-05-15 21:00:00  NAS100 29,144.00 29,304.75 29,132.00 29,301.00  157.75        0.54   34342
57   2026-05-15 21:15:00  NAS100 29,300.75 29,382.75 29,269.75 29,291.50   -9.50       -0.03   32873
58   2026-05-15 21:30:00  NAS100 29,292.25 29,360.50 29,286.00 29,347.00   55.50        0.19   20579
59   2026-05-15 21:45:00  NAS100 29,346.75 29,354.00 29,247.50 29,281.25  -65.75       -0.22   23221
60   2026-05-15 22:00:00  NAS100 29,281.00 29,325.50 29,240.50 29,285.75    4.50        0.02   18911
61   2026-05-15 22:15:00  NAS100 29,284.75 29,361.00 29,274.75 29,334.00   48.25        0.16   15580
62   2026-05-15 22:30:00  NAS100 29,333.75 29,382.00 29,271.25 29,285.25  -48.75       -0.17   18924
63   2026-05-15 22:45:00  NAS100 29,286.00 29,301.25 29,212.00 29,281.25   -4.00       -0.01   19581
64   2026-05-15 23:00:00  NAS100 29,282.00 29,313.00 29,251.50 29,287.25    6.00        0.02   14001
65   2026-05-15 23:15:00  NAS100 29,287.25 29,336.50 29,253.25 29,332.25   45.00        0.15   11666
66   2026-05-15 23:30:00  NAS100 29,333.00 29,348.00 29,316.25 29,345.25   13.00        0.04    9670
67   2026-05-15 23:45:00  NAS100 29,345.25 29,351.00 29,279.75 29,322.75  -22.50       -0.08   11450
68   2026-05-16 00:00:00  NAS100 29,323.25 29,363.00 29,312.00 29,362.50   39.75        0.14    9279
69   2026-05-16 00:15:00  NAS100 29,362.50 29,430.00 29,341.25 29,417.75   55.25        0.19   12115
70   2026-05-16 00:30:00  NAS100 29,417.75 29,446.75 29,404.75 29,424.25    6.50        0.02   11299
71   2026-05-16 00:45:00  NAS100 29,425.00 29,453.75 29,412.00 29,447.25   23.00        0.08    7420
72   2026-05-16 01:00:00  NAS100 29,449.00 29,486.75 29,446.75 29,468.75   21.50        0.07   12029
73   2026-05-16 01:15:00  NAS100 29,468.50 29,472.25 29,376.00 29,384.75  -84.00       -0.29   16587
74   2026-05-16 01:30:00  NAS100 29,385.50 29,389.50 29,316.00 29,376.00   -8.75       -0.03   14807
75   2026-05-16 01:45:00  NAS100 29,376.25 29,407.00 29,352.75 29,389.75   13.75        0.05    8863
76   2026-05-16 02:00:00  NAS100 29,389.50 29,398.25 29,300.00 29,322.00  -67.75       -0.23   11989
77   2026-05-16 02:15:00  NAS100 29,321.50 29,322.50 29,283.75 29,291.25  -30.75       -0.10   10711
78   2026-05-16 02:30:00  NAS100 29,289.75 29,340.25 29,287.50 29,295.75    4.50        0.02   10363
79   2026-05-16 02:45:00  NAS100 29,295.25 29,307.00 29,208.25 29,231.25  -64.50       -0.22   33197
80   2026-05-16 03:00:00  NAS100 29,230.50 29,233.75 29,111.00 29,154.75  -76.50       -0.26   18140
81   2026-05-16 03:15:00  NAS100 29,155.50 29,193.50 29,142.75 29,176.00   21.25        0.07    6538
82   2026-05-16 03:30:00  NAS100 29,175.75 29,180.00 29,166.00 29,173.50   -2.50       -0.01    2766
83   2026-05-16 03:45:00  NAS100 29,173.00 29,231.75 29,160.50 29,231.75   58.25        0.20    2677
84   2026-05-18 20:00:00  NAS100 29,408.25 29,419.00 29,353.00 29,378.75  147.00        0.50   11198
85   2026-05-18 20:15:00  NAS100 29,378.50 29,381.25 29,333.75 29,338.75  -40.00       -0.14    8373
86   2026-05-18 20:30:00  NAS100 29,338.25 29,356.25 29,160.00 29,166.50 -172.25       -0.59   47415
87   2026-05-18 20:45:00  NAS100 29,167.50 29,308.75 29,135.00 29,243.75   77.25        0.26   40657
88   2026-05-18 21:00:00  NAS100 29,242.50 29,272.00 29,129.00 29,261.50   17.75        0.06   34944
89   2026-05-18 21:15:00  NAS100 29,259.25 29,299.00 29,137.25 29,153.25 -108.25       -0.37   25187
90   2026-05-18 21:30:00  NAS100 29,154.00 29,175.75 28,970.75 29,087.75  -65.50       -0.22   39917
91   2026-05-18 21:45:00  NAS100 29,087.75 29,109.00 29,002.50 29,082.50   -5.25       -0.02   25181
92   2026-05-18 22:00:00  NAS100 29,082.25 29,126.25 29,006.00 29,065.75  -16.75       -0.06   24603
93   2026-05-18 22:15:00  NAS100 29,066.00 29,069.75 28,956.25 28,960.25 -105.50       -0.36   19969
94   2026-05-18 22:30:00  NAS100 28,960.75 29,065.25 28,941.50 29,000.75   40.50        0.14   19709
95   2026-05-18 22:45:00  NAS100 28,999.75 29,046.50 28,978.50 28,997.25   -3.50       -0.01   12902
96   2026-05-18 23:00:00  NAS100 28,996.25 29,030.00 28,951.75 29,027.50   30.25        0.10   13923
97   2026-05-18 23:15:00  NAS100 29,026.50 29,074.00 28,859.25 28,878.50 -149.00       -0.51   25542
98   2026-05-18 23:30:00  NAS100 28,877.75 28,961.50 28,842.50 28,922.75   44.25        0.15   19507
99   2026-05-18 23:45:00  NAS100 28,921.75 29,045.50 28,907.75 29,006.00   83.25        0.29   17658
100  2026-05-19 00:00:00  NAS100 29,004.75 29,038.00 28,966.75 28,995.75  -10.25       -0.04   13357
101  2026-05-19 00:15:00  NAS100 28,995.00 29,017.25 28,966.25 29,009.50   13.75        0.05    9368
102  2026-05-19 00:30:00  NAS100 29,009.75 29,029.75 28,959.75 29,011.25    1.75        0.01   11429
103  2026-05-19 00:45:00  NAS100 29,011.75 29,023.00 28,972.00 29,014.00    2.75        0.01    9983
104  2026-05-19 01:00:00  NAS100 29,014.25 29,020.50 28,914.25 28,917.00  -97.00       -0.33   13525
105  2026-05-19 01:15:00  NAS100 28,916.00 28,918.50 28,834.75 28,892.50  -24.50       -0.08   20415
106  2026-05-19 01:30:00  NAS100 28,892.75 28,915.00 28,843.25 28,873.75  -18.75       -0.06   13343
107  2026-05-19 01:45:00  NAS100 28,873.00 28,882.25 28,814.75 28,840.00  -33.75       -0.12   14118
108  2026-05-19 02:00:00  NAS100 28,842.25 29,070.25 28,837.75 28,959.50  119.50        0.41   39472
109  2026-05-19 02:15:00  NAS100 28,959.25 28,973.25 28,881.50 28,922.50  -37.00       -0.13   15118
110  2026-05-19 02:30:00  NAS100 28,923.00 29,055.25 28,913.25 29,053.50  131.00        0.45   16852
111  2026-05-19 02:45:00  NAS100 29,053.50 29,114.00 29,041.75 29,098.75   45.25        0.16   27438
112  2026-05-19 03:00:00  NAS100 29,099.50 29,110.00 29,068.50 29,080.00  -18.75       -0.06    8806
113  2026-05-19 03:15:00  NAS100 29,079.75 29,091.25 29,072.50 29,086.25    6.25        0.02    2157
114  2026-05-19 03:30:00  NAS100 29,086.50 29,094.50 29,072.00 29,087.25    1.00        0.00    1481
115  2026-05-19 03:45:00  NAS100 29,088.00 29,091.75 29,075.00 29,076.00  -11.25       -0.04    1218
116  2026-05-19 20:00:00  NAS100 28,912.25 28,925.75 28,835.00 28,875.75 -200.25       -0.69    8040
117  2026-05-19 20:15:00  NAS100 28,876.25 28,879.50 28,802.75 28,849.50  -26.25       -0.09   12072
118  2026-05-19 20:30:00  NAS100 28,850.25 29,068.00 28,850.25 28,909.75   60.25        0.21   56143
119  2026-05-19 20:45:00  NAS100 28,910.25 29,028.00 28,868.75 28,937.75   28.00        0.10   39424
120  2026-05-19 21:00:00  NAS100 28,936.75 28,944.00 28,730.25 28,736.75 -201.00       -0.69   44858
121  2026-05-19 21:15:00  NAS100 28,737.25 28,755.00 28,663.00 28,711.75  -25.00       -0.09   40545
122  2026-05-19 21:30:00  NAS100 28,711.50 28,801.00 28,684.00 28,744.75   33.00        0.11   28577
123  2026-05-19 21:45:00  NAS100 28,743.50 28,807.00 28,675.00 28,804.00   59.25        0.21   21045
124  2026-05-19 22:00:00  NAS100 28,803.75 28,836.00 28,755.00 28,827.75   23.75        0.08   19107
125  2026-05-19 22:15:00  NAS100 28,829.25 28,860.00 28,726.00 28,770.75  -57.00       -0.20   18807
126  2026-05-19 22:30:00  NAS100 28,770.50 28,877.75 28,757.75 28,855.00   84.25        0.29   17900
127  2026-05-19 22:45:00  NAS100 28,856.75 28,863.50 28,779.75 28,815.75  -39.25       -0.14   12942
128  2026-05-19 23:00:00  NAS100 28,818.00 28,880.50 28,791.50 28,814.50   -1.25       -0.00   13712
129  2026-05-19 23:15:00  NAS100 28,815.50 28,922.75 28,814.25 28,910.75   96.25        0.33   14476
130  2026-05-19 23:30:00  NAS100 28,908.00 28,990.25 28,902.25 28,989.00   78.25        0.27   14900
131  2026-05-19 23:45:00  NAS100 28,989.00 29,034.75 28,967.25 29,021.75   32.75        0.11   14055
132  2026-05-20 00:00:00  NAS100 29,022.50 29,080.50 29,011.00 29,073.75   52.00        0.18   15077
133  2026-05-20 00:15:00  NAS100 29,073.75 29,126.50 29,061.50 29,082.00    8.25        0.03   16728
134  2026-05-20 00:30:00  NAS100 29,082.25 29,119.00 29,078.50 29,089.50    7.50        0.03   10937
135  2026-05-20 00:45:00  NAS100 29,089.75 29,092.00 29,007.00 29,068.75  -20.75       -0.07   13444
136  2026-05-20 01:00:00  NAS100 29,069.25 29,101.75 29,063.75 29,072.50    3.75        0.01    9017
137  2026-05-20 01:15:00  NAS100 29,072.25 29,081.75 29,006.75 29,023.50  -49.00       -0.17   12516
138  2026-05-20 01:30:00  NAS100 29,023.75 29,061.50 29,000.50 29,017.25   -6.25       -0.02   10099
139  2026-05-20 01:45:00  NAS100 29,016.75 29,022.00 28,941.75 28,959.50  -57.75       -0.20   13035
140  2026-05-20 02:00:00  NAS100 28,959.75 29,055.00 28,957.75 29,053.00   93.50        0.32   13076
141  2026-05-20 02:15:00  NAS100 29,053.25 29,059.75 28,924.50 28,977.50  -75.50       -0.26   13542
142  2026-05-20 02:30:00  NAS100 28,977.25 29,004.00 28,926.50 28,931.75  -45.75       -0.16   11285
143  2026-05-20 02:45:00  NAS100 28,932.00 28,942.00 28,867.00 28,923.25   -8.50       -0.03   25534
144  2026-05-20 03:00:00  NAS100 28,923.75 28,941.50 28,897.00 28,923.00   -0.25       -0.00    8010
145  2026-05-20 03:15:00  NAS100 28,922.50 28,929.75 28,902.00 28,908.50  -14.50       -0.05    2395
146  2026-05-20 03:30:00  NAS100 28,908.50 28,911.00 28,896.00 28,899.50   -9.00       -0.03    1288
147  2026-05-20 03:45:00  NAS100 28,899.75 28,903.75 28,887.50 28,899.25   -0.25       -0.00    1632
148  2026-05-20 20:00:00  NAS100 29,103.75 29,117.75 29,096.50 29,100.50  201.25        0.70    3559
149  2026-05-20 20:15:00  NAS100 29,099.75 29,117.00 29,056.50 29,074.00  -26.50       -0.09    7977
150  2026-05-20 20:30:00  NAS100 29,073.75 29,154.50 29,023.25 29,142.50   68.50        0.24   47629
151  2026-05-20 20:45:00  NAS100 29,142.75 29,194.75 29,047.25 29,100.50  -42.00       -0.14   35429
152  2026-05-20 21:00:00  NAS100 29,100.75 29,130.00 29,008.50 29,088.25  -12.25       -0.04   29551
153  2026-05-20 21:15:00  NAS100 29,087.25 29,233.75 29,074.50 29,209.75  121.50        0.42   37153
154  2026-05-20 21:30:00  NAS100 29,209.75 29,263.00 29,173.00 29,223.75   14.00        0.05   24733
155  2026-05-20 21:45:00  NAS100 29,224.00 29,279.50 29,175.25 29,261.25   37.50        0.13   17393
156  2026-05-20 22:00:00  NAS100 29,261.50 29,281.50 29,230.75 29,256.00   -5.25       -0.02   11873
157  2026-05-20 22:15:00  NAS100 29,255.00 29,395.50 29,255.00 29,289.25   33.25        0.11   32315
158  2026-05-20 22:30:00  NAS100 29,293.50 29,334.25 29,289.00 29,319.75   30.50        0.10   12705
159  2026-05-20 22:45:00  NAS100 29,320.00 29,358.75 29,305.75 29,331.50   11.75        0.04   11552
160  2026-05-20 23:00:00  NAS100 29,331.50 29,337.50 29,286.25 29,299.25  -32.25       -0.11    8559
161  2026-05-20 23:15:00  NAS100 29,299.50 29,300.50 29,210.00 29,235.75  -63.50       -0.22   16503
162  2026-05-20 23:30:00  NAS100 29,236.25 29,289.00 29,221.00 29,288.25   52.50        0.18   14831
163  2026-05-20 23:45:00  NAS100 29,287.50 29,296.25 29,224.50 29,261.75  -26.50       -0.09   11708
164  2026-05-21 00:00:00  NAS100 29,263.00 29,304.75 29,229.00 29,282.75   21.00        0.07   10946
165  2026-05-21 00:15:00  NAS100 29,282.50 29,306.00 29,261.00 29,294.50   11.75        0.04    7943
166  2026-05-21 00:30:00  NAS100 29,295.25 29,326.00 29,273.75 29,302.75    8.25        0.03    8581
167  2026-05-21 00:45:00  NAS100 29,304.00 29,310.75 29,282.25 29,301.25   -1.50       -0.01    6684
168  2026-05-21 01:00:00  NAS100 29,302.50 29,326.00 29,275.25 29,307.25    6.00        0.02    7383
169  2026-05-21 01:15:00  NAS100 29,307.25 29,317.00 29,278.25 29,305.50   -1.75       -0.01    7750
170  2026-05-21 01:30:00  NAS100 29,306.25 29,345.00 29,296.00 29,298.25   -7.25       -0.02    8755
171  2026-05-21 01:45:00  NAS100 29,297.75 29,316.25 29,288.25 29,300.50    2.25        0.01    6365
172  2026-05-21 02:00:00  NAS100 29,301.25 29,338.75 29,298.25 29,337.50   37.00        0.13    7230
173  2026-05-21 02:15:00  NAS100 29,337.50 29,349.75 29,329.75 29,340.25    2.75        0.01    8907
174  2026-05-21 02:30:00  NAS100 29,340.75 29,377.00 29,326.75 29,354.25   14.00        0.05    9896
175  2026-05-21 02:45:00  NAS100 29,353.25 29,396.75 29,336.25 29,396.00   41.75        0.14   23513
176  2026-05-21 03:00:00  NAS100 29,395.50 29,397.50 29,341.00 29,356.00  -40.00       -0.14    9242
177  2026-05-21 03:15:00  NAS100 29,357.25 29,379.00 29,247.25 29,373.75   17.75        0.06   12582
178  2026-05-21 03:30:00  NAS100 29,373.00 29,379.00 29,277.25 29,304.75  -69.00       -0.23    5938
179  2026-05-21 03:45:00  NAS100 29,306.00 29,390.50 29,252.25 29,390.50   85.75        0.29    4153
180  2026-05-21 20:00:00  NAS100 29,193.50 29,244.00 29,188.00 29,215.75 -174.75       -0.59    7112
181  2026-05-21 20:15:00  NAS100 29,213.50 29,221.25 29,180.00 29,216.00    0.25        0.00    7325
182  2026-05-21 20:30:00  NAS100 29,215.50 29,268.50 29,174.00 29,214.00   -2.00       -0.01   39807
183  2026-05-21 20:45:00  NAS100 29,216.25 29,315.00 29,188.00 29,288.25   74.25        0.25   36024
184  2026-05-21 21:00:00  NAS100 29,287.50 29,340.00 29,251.25 29,267.00  -21.25       -0.07   26128
185  2026-05-21 21:15:00  NAS100 29,267.00 29,276.75 29,127.00 29,190.00  -77.00       -0.26   33338
186  2026-05-21 21:30:00  NAS100 29,189.25 29,255.75 29,175.75 29,236.00   46.00        0.16   21230
187  2026-05-21 21:45:00  NAS100 29,234.50 29,253.50 29,166.00 29,235.75   -0.25       -0.00   18139
188  2026-05-21 22:00:00  NAS100 29,235.50 29,249.25 29,139.00 29,233.00   -2.75       -0.01   22819
189  2026-05-21 22:15:00  NAS100 29,233.00 29,263.50 29,219.50 29,234.75    1.75        0.01   14967
190  2026-05-21 22:30:00  NAS100 29,234.50 29,274.75 29,175.50 29,258.00   23.25        0.08   15229
191  2026-05-21 22:45:00  NAS100 29,257.50 29,304.50 29,257.00 29,266.25    8.25        0.03   10907
192  2026-05-21 23:00:00  NAS100 29,267.00 29,310.50 29,263.00 29,275.25    9.00        0.03   11324
193  2026-05-21 23:15:00  NAS100 29,274.75 29,282.50 29,215.25 29,247.75  -27.50       -0.09    8638
194  2026-05-21 23:30:00  NAS100 29,247.25 29,273.75 29,232.00 29,254.50    6.75        0.02    6573
195  2026-05-21 23:45:00  NAS100 29,256.25 29,270.00 29,207.75 29,257.75    3.25        0.01    7207
196  2026-05-22 00:00:00  NAS100 29,258.75 29,382.00 29,258.25 29,343.25   85.50        0.29   17551
197  2026-05-22 00:15:00  NAS100 29,344.50 29,478.25 29,335.25 29,412.75   69.50        0.24   25058
198  2026-05-22 00:30:00  NAS100 29,412.50 29,496.25 29,407.25 29,493.00   80.25        0.27   12990
199  2026-05-22 00:45:00  NAS100 29,493.75 29,554.00 29,470.00 29,497.25    4.25        0.01   14193
200  2026-05-22 01:00:00  NAS100 29,497.00 29,521.50 29,445.00 29,450.75  -46.50       -0.16   14318
201  2026-05-22 01:15:00  NAS100 29,451.75 29,478.00 29,428.00 29,459.00    8.25        0.03    9956
202  2026-05-22 01:30:00  NAS100 29,459.75 29,469.50 29,435.00 29,457.50   -1.50       -0.01    7953
203  2026-05-22 01:45:00  NAS100 29,456.25 29,465.75 29,293.25 29,337.00 -120.50       -0.41   23235
204  2026-05-22 02:00:00  NAS100 29,338.50 29,413.00 29,335.25 29,412.25   75.25        0.26   12403
205  2026-05-22 02:15:00  NAS100 29,411.75 29,439.25 29,405.00 29,427.50   15.25        0.05    9178
206  2026-05-22 02:30:00  NAS100 29,428.00 29,444.50 29,403.00 29,416.50  -11.00       -0.04    9592
207  2026-05-22 02:45:00  NAS100 29,416.75 29,466.00 29,399.00 29,445.25   28.75        0.10   23050
208  2026-05-22 03:00:00  NAS100 29,445.50 29,471.00 29,433.75 29,458.00   12.75        0.04    6516
209  2026-05-22 03:15:00  NAS100 29,457.25 29,460.75 29,439.25 29,447.00  -11.00       -0.04    1922
210  2026-05-22 03:30:00  NAS100 29,447.75 29,460.25 29,445.00 29,458.25   11.25        0.04    1194
211  2026-05-22 03:45:00  NAS100 29,458.25 29,464.25 29,451.25 29,455.50   -2.75       -0.01    1121
212  2026-05-22 20:00:00  NAS100 29,594.25 29,603.75 29,556.25 29,584.25  128.75        0.44    5934
213  2026-05-22 20:15:00  NAS100 29,583.75 29,595.25 29,548.50 29,580.75   -3.50       -0.01    7071
214  2026-05-22 20:30:00  NAS100 29,580.00 29,715.50 29,551.25 29,642.25   61.50        0.21   43779
215  2026-05-22 20:45:00  NAS100 29,642.00 29,667.75 29,587.50 29,640.50   -1.75       -0.01   22530
216  2026-05-22 21:00:00  NAS100 29,643.00 29,643.00 29,515.50 29,564.25  -76.25       -0.26   25888
217  2026-05-22 21:15:00  NAS100 29,565.00 29,599.00 29,490.25 29,564.25    0.00        0.00   21280
218  2026-05-22 21:30:00  NAS100 29,563.75 29,637.25 29,553.00 29,635.75   71.50        0.24   17229
219  2026-05-22 21:45:00  NAS100 29,635.50 29,655.00 29,607.25 29,647.25   11.50        0.04   12484
220  2026-05-22 22:00:00  NAS100 29,647.00 29,696.00 29,644.50 29,688.75   41.50        0.14   13454
221  2026-05-22 22:15:00  NAS100 29,689.00 29,708.75 29,668.75 29,708.50   19.75        0.07   12533
222  2026-05-22 22:30:00  NAS100 29,708.00 29,713.75 29,678.00 29,695.00  -13.50       -0.05    9933
223  2026-05-22 22:45:00  NAS100 29,695.25 29,696.00 29,660.00 29,687.50   -7.50       -0.03    8758
224  2026-05-22 23:00:00  NAS100 29,687.00 29,694.75 29,665.00 29,681.25   -6.25       -0.02    8000
225  2026-05-22 23:15:00  NAS100 29,680.25 29,681.25 29,640.25 29,666.00  -15.25       -0.05    9664
226  2026-05-22 23:30:00  NAS100 29,666.50 29,677.50 29,632.50 29,640.75  -25.25       -0.09    9130
227  2026-05-22 23:45:00  NAS100 29,640.75 29,673.75 29,639.25 29,671.50   30.75        0.10    6741
228  2026-05-23 00:00:00  NAS100 29,671.75 29,704.50 29,671.75 29,696.75   25.25        0.09    8296
229  2026-05-23 00:15:00  NAS100 29,697.75 29,737.25 29,645.00 29,736.50   39.75        0.13   16332
230  2026-05-23 00:30:00  NAS100 29,736.75 29,749.00 29,684.75 29,702.25  -34.25       -0.12   12005
231  2026-05-23 00:45:00  NAS100 29,702.25 29,709.00 29,661.50 29,678.50  -23.75       -0.08    8079
232  2026-05-23 01:00:00  NAS100 29,679.25 29,688.75 29,646.00 29,664.50  -14.00       -0.05    8125
233  2026-05-23 01:15:00  NAS100 29,664.50 29,673.75 29,650.50 29,660.50   -4.00       -0.01    5642
234  2026-05-23 01:30:00  NAS100 29,661.00 29,674.25 29,624.00 29,666.50    6.00        0.02    9635
235  2026-05-23 01:45:00  NAS100 29,667.25 29,672.25 29,641.25 29,650.25  -16.25       -0.05    6939
236  2026-05-23 02:00:00  NAS100 29,650.50 29,664.50 29,588.00 29,599.75  -50.50       -0.17   13441
237  2026-05-23 02:15:00  NAS100 29,600.25 29,603.50 29,543.25 29,551.00  -48.75       -0.16   11222
238  2026-05-23 02:30:00  NAS100 29,551.50 29,588.50 29,533.00 29,561.00   10.00        0.03   11119
239  2026-05-23 02:45:00  NAS100 29,561.25 29,582.75 29,532.00 29,551.25   -9.75       -0.03   19714
240  2026-05-23 03:00:00  NAS100 29,551.75 29,580.75 29,541.50 29,561.00    9.75        0.03    7515
241  2026-05-23 03:15:00  NAS100 29,561.25 29,561.75 29,540.00 29,548.50  -12.50       -0.04    1920
242  2026-05-23 03:30:00  NAS100 29,549.00 29,552.00 29,502.25 29,529.25  -19.25       -0.07    3586
243  2026-05-23 03:45:00  NAS100 29,530.25 29,558.75 29,519.75 29,558.75   29.50        0.10    1693
244  2026-05-26 20:00:00  NAS100 29,920.00 29,925.00 29,901.25 29,921.25  362.50        1.23    2813
245  2026-05-26 20:15:00  NAS100 29,921.25 29,929.00 29,888.50 29,903.50  -17.75       -0.06    6509
246  2026-05-26 20:30:00  NAS100 29,902.75 29,938.00 29,826.75 29,934.00   30.50        0.10   43915
247  2026-05-26 20:45:00  NAS100 29,933.50 30,007.00 29,914.00 30,007.00   73.00        0.24   35841
248  2026-05-26 21:00:00  NAS100 30,006.75 30,030.00 29,976.00 30,028.25   21.25        0.07   21135
249  2026-05-26 21:15:00  NAS100 30,028.75 30,084.00 30,008.00 30,067.75   39.50        0.13   21549
250  2026-05-26 21:30:00  NAS100 30,067.50 30,118.75 30,060.75 30,105.50   37.75        0.13   18796
251  2026-05-26 21:45:00  NAS100 30,105.25 30,113.25 30,053.00 30,054.75  -50.75       -0.17   16166
252  2026-05-26 22:00:00  NAS100 30,055.50 30,066.75 30,003.75 30,038.25  -16.50       -0.05   23138
253  2026-05-26 22:15:00  NAS100 30,037.75 30,038.25 29,992.50 29,999.25  -39.00       -0.13   18166
254  2026-05-26 22:30:00  NAS100 29,999.00 30,007.50 29,960.25 29,972.00  -27.25       -0.09   16290
255  2026-05-26 22:45:00  NAS100 29,972.25 29,981.75 29,886.00 29,927.25  -44.75       -0.15   22935
256  2026-05-26 23:00:00  NAS100 29,926.75 29,979.50 29,921.75 29,938.50   11.25        0.04   15062
257  2026-05-26 23:15:00  NAS100 29,938.50 29,992.50 29,928.00 29,992.25   53.75        0.18   10727
258  2026-05-26 23:30:00  NAS100 29,992.00 30,015.50 29,961.75 29,964.00  -28.25       -0.09   11945
259  2026-05-26 23:45:00  NAS100 29,963.50 29,984.50 29,948.00 29,974.75   10.75        0.04   10895
260  2026-05-27 00:00:00  NAS100 29,975.50 30,002.25 29,968.00 29,986.75   12.00        0.04    9073
261  2026-05-27 00:15:00  NAS100 29,987.00 29,990.75 29,954.50 29,969.25  -17.50       -0.06    9277
262  2026-05-27 00:30:00  NAS100 29,970.00 30,002.00 29,958.50 29,985.25   16.00        0.05    8906
263  2026-05-27 00:45:00  NAS100 29,986.00 30,013.25 29,985.00 29,996.75   11.50        0.04    7400
264  2026-05-27 01:00:00  NAS100 29,996.50 30,031.00 29,982.00 30,025.00   28.25        0.09    8521
265  2026-05-27 01:15:00  NAS100 30,025.50 30,054.25 30,022.50 30,046.00   21.00        0.07    9967
266  2026-05-27 01:30:00  NAS100 30,046.00 30,060.75 30,030.25 30,031.00  -15.00       -0.05    9285
267  2026-05-27 01:45:00  NAS100 30,031.00 30,045.75 30,008.75 30,014.50  -16.50       -0.05    8600
268  2026-05-27 02:00:00  NAS100 30,014.00 30,057.75 30,005.75 30,051.75   37.25        0.12    9329
269  2026-05-27 02:15:00  NAS100 30,052.00 30,062.50 30,044.75 30,053.00    1.25        0.00    7633
270  2026-05-27 02:30:00  NAS100 30,052.75 30,095.25 30,051.50 30,091.75   38.75        0.13   11088
271  2026-05-27 02:45:00  NAS100 30,092.00 30,112.00 30,067.75 30,079.25  -12.50       -0.04   26312
272  2026-05-27 03:00:00  NAS100 30,079.25 30,084.00 30,055.50 30,057.50  -21.75       -0.07    8923
273  2026-05-27 03:15:00  NAS100 30,057.25 30,073.00 30,055.75 30,061.25    3.75        0.01    2554
274  2026-05-27 03:30:00  NAS100 30,061.50 30,070.00 30,059.75 30,061.00   -0.25       -0.00    1076
275  2026-05-27 03:45:00  NAS100 30,060.75 30,063.00 30,031.50 30,044.25  -16.75       -0.06    2389
276  2026-05-27 20:00:00  NAS100 30,260.75 30,271.00 30,201.00 30,215.50  171.25        0.57    7499
277  2026-05-27 20:15:00  NAS100 30,214.75 30,224.75 30,185.75 30,188.25  -27.25       -0.09    7599
278  2026-05-27 20:30:00  NAS100 30,187.50 30,192.00 29,965.00 29,981.75 -206.50       -0.68   60599
279  2026-05-27 20:45:00  NAS100 29,982.00 30,077.00 29,937.00 30,059.75   78.00        0.26   43839
280  2026-05-27 21:00:00  NAS100 30,060.75 30,099.25 29,982.50 30,015.50  -44.25       -0.15   34542
281  2026-05-27 21:15:00  NAS100 30,015.50 30,057.25 29,888.25 29,916.00  -99.50       -0.33   35622
282  2026-05-27 21:30:00  NAS100 29,916.75 30,024.00 29,877.50 29,993.75   77.75        0.26   30813
283  2026-05-27 21:45:00  NAS100 29,993.75 30,024.00 29,923.25 29,940.75  -53.00       -0.18   18754
284  2026-05-27 22:00:00  NAS100 29,940.50 29,977.75 29,908.50 29,950.50    9.75        0.03   16907
285  2026-05-27 22:15:00  NAS100 29,950.75 29,952.00 29,883.25 29,951.75    1.25        0.00   17367
286  2026-05-27 22:30:00  NAS100 29,951.50 29,981.25 29,884.50 29,890.50  -61.25       -0.20   18677
287  2026-05-27 22:45:00  NAS100 29,890.25 29,943.50 29,882.50 29,936.00   45.50        0.15   16350
288  2026-05-27 23:00:00  NAS100 29,934.75 30,001.75 29,917.25 29,996.00   60.00        0.20   14997
289  2026-05-27 23:15:00  NAS100 29,996.50 30,017.00 29,977.25 29,991.75   -4.25       -0.01   11975
290  2026-05-27 23:30:00  NAS100 29,990.75 30,039.50 29,973.25 30,030.00   38.25        0.13    9986
291  2026-05-27 23:45:00  NAS100 30,031.00 30,048.25 29,975.25 29,988.00  -42.00       -0.14   11581
292  2026-05-28 00:00:00  NAS100 29,989.75 29,997.25 29,894.75 29,921.50  -66.50       -0.22   15690
293  2026-05-28 00:15:00  NAS100 29,920.50 29,976.00 29,913.25 29,956.25   34.75        0.12    9769
294  2026-05-28 00:30:00  NAS100 29,956.75 29,990.50 29,943.00 29,947.50   -8.75       -0.03    9656
295  2026-05-28 00:45:00  NAS100 29,947.75 29,994.75 29,942.25 29,972.50   25.00        0.08    8347
296  2026-05-28 01:00:00  NAS100 29,972.50 30,005.75 29,963.00 29,997.25   24.75        0.08    8376
297  2026-05-28 01:15:00  NAS100 29,997.50 30,054.25 29,991.50 30,053.50   56.25        0.19   10458
298  2026-05-28 01:30:00  NAS100 30,053.25 30,060.25 30,023.00 30,047.50   -6.00       -0.02   10282
299  2026-05-28 01:45:00  NAS100 30,047.50 30,055.00 30,033.00 30,038.75   -8.75       -0.03    8291
300  2026-05-28 02:00:00  NAS100 30,039.00 30,062.25 30,024.50 30,042.00    3.25        0.01    8326
301  2026-05-28 02:15:00  NAS100 30,041.25 30,053.50 30,009.50 30,027.25  -14.75       -0.05    8163
302  2026-05-28 02:30:00  NAS100 30,027.00 30,072.00 30,025.25 30,066.00   38.75        0.13   10805
303  2026-05-28 02:45:00  NAS100 30,066.00 30,066.50 30,034.25 30,047.25  -18.75       -0.06   18848
304  2026-05-28 03:00:00  NAS100 30,047.00 30,071.50 30,031.00 30,057.50   10.25        0.03    7502
305  2026-05-28 03:15:00  NAS100 30,058.50 30,114.25 30,058.50 30,093.50   36.00        0.12    5273
306  2026-05-28 03:30:00  NAS100 30,093.50 30,116.75 30,092.00 30,110.75   17.25        0.06    2105
307  2026-05-28 03:45:00  NAS100 30,110.75 30,129.50 30,108.75 30,125.25   14.50        0.05    3004
308  2026-05-28 20:00:00  NAS100 30,056.75 30,099.00 30,028.25 30,036.75  -88.50       -0.29    7036
309  2026-05-28 20:15:00  NAS100 30,036.75 30,066.00 30,033.00 30,053.50   16.75        0.06    6066
310  2026-05-28 20:30:00  NAS100 30,053.00 30,112.00 29,943.25 29,955.50  -98.00       -0.33   44279
311  2026-05-28 20:45:00  NAS100 29,954.75 29,999.00 29,920.25 29,990.75   35.25        0.12   31270
312  2026-05-28 21:00:00  NAS100 29,992.25 30,187.00 29,963.25 30,161.25  170.50        0.57   39736
313  2026-05-28 21:15:00  NAS100 30,161.00 30,173.25 30,062.50 30,147.50  -13.75       -0.05   26020
314  2026-05-28 21:30:00  NAS100 30,148.00 30,171.25 30,107.50 30,167.25   19.75        0.07   20429
315  2026-05-28 21:45:00  NAS100 30,168.50 30,191.50 30,123.25 30,187.75   20.50        0.07   17593
316  2026-05-28 22:00:00  NAS100 30,188.00 30,244.00 30,180.75 30,221.00   33.25        0.11   16207
317  2026-05-28 22:15:00  NAS100 30,221.50 30,274.75 30,209.25 30,262.50   41.50        0.14   14303
318  2026-05-28 22:30:00  NAS100 30,262.50 30,293.00 30,256.75 30,261.50   -1.00       -0.00   12358
319  2026-05-28 22:45:00  NAS100 30,261.75 30,281.00 30,251.00 30,264.50    3.00        0.01    9722
320  2026-05-28 23:00:00  NAS100 30,264.75 30,283.00 30,238.50 30,274.50   10.00        0.03    9676
321  2026-05-28 23:15:00  NAS100 30,274.25 30,318.25 30,268.00 30,301.75   27.25        0.09   11365
322  2026-05-28 23:30:00  NAS100 30,302.00 30,309.75 30,277.50 30,306.75    5.00        0.02    7698
323  2026-05-28 23:45:00  NAS100 30,306.50 30,329.75 30,298.75 30,327.00   20.25        0.07    7401
324  2026-05-29 00:00:00  NAS100 30,326.75 30,335.75 30,313.75 30,317.75   -9.25       -0.03    8361
325  2026-05-29 00:15:00  NAS100 30,318.00 30,320.50 30,295.25 30,299.25  -18.50       -0.06    8854
326  2026-05-29 00:30:00  NAS100 30,299.50 30,324.50 30,282.50 30,321.50   22.25        0.07    9700
327  2026-05-29 00:45:00  NAS100 30,322.00 30,344.50 30,312.00 30,319.50   -2.00       -0.01   10443
328  2026-05-29 01:00:00  NAS100 30,319.50 30,337.50 30,300.75 30,303.75  -15.75       -0.05    8978
329  2026-05-29 01:15:00  NAS100 30,304.00 30,325.50 30,297.50 30,315.25   11.50        0.04    9317
330  2026-05-29 01:30:00  NAS100 30,315.00 30,316.00 30,289.50 30,300.50  -14.75       -0.05    7248
331  2026-05-29 01:45:00  NAS100 30,300.75 30,317.00 30,280.50 30,293.50   -7.00       -0.02    7560
332  2026-05-29 02:00:00  NAS100 30,292.00 30,312.00 30,277.50 30,287.50   -6.00       -0.02    7774
333  2026-05-29 02:15:00  NAS100 30,287.50 30,309.25 30,274.25 30,306.00   18.50        0.06    9455
334  2026-05-29 02:30:00  NAS100 30,305.75 30,331.50 30,303.25 30,310.25    4.25        0.01    9095
335  2026-05-29 02:45:00  NAS100 30,309.75 30,331.00 30,283.25 30,306.75   -3.50       -0.01   21872
336  2026-05-29 03:00:00  NAS100 30,306.25 30,335.75 30,292.00 30,333.50   26.75        0.09    6660
337  2026-05-29 03:15:00  NAS100 30,333.75 30,344.00 30,315.25 30,321.75  -11.75       -0.04    2988
338  2026-05-29 03:30:00  NAS100 30,322.00 30,328.75 30,316.00 30,321.00   -0.75       -0.00    1518
339  2026-05-29 03:45:00  NAS100 30,320.75 30,333.75 30,311.25 30,313.00   -8.00       -0.03    1943
340  2026-05-29 20:00:00  NAS100 30,349.50 30,363.75 30,341.50 30,344.50   31.50        0.10    3451
341  2026-05-29 20:15:00  NAS100 30,345.25 30,384.50 30,336.00 30,382.25   37.75        0.12    6954
342  2026-05-29 20:30:00  NAS100 30,382.25 30,462.00 30,364.75 30,460.50   78.25        0.26   42573
343  2026-05-29 20:45:00  NAS100 30,460.50 30,520.75 30,452.25 30,519.00   58.50        0.19   24219
344  2026-05-29 21:00:00  NAS100 30,518.00 30,536.00 30,444.50 30,459.75  -59.25       -0.19   28420
345  2026-05-29 21:15:00  NAS100 30,460.00 30,462.75 30,346.00 30,407.00  -52.75       -0.17   39107
346  2026-05-29 21:30:00  NAS100 30,405.50 30,437.50 30,289.00 30,293.50 -113.50       -0.37   35335
347  2026-05-29 21:45:00  NAS100 30,294.00 30,394.75 30,270.00 30,359.50   66.00        0.22   34346
348  2026-05-29 22:00:00  NAS100 30,359.75 30,429.50 30,335.25 30,427.00   67.50        0.22   18230
349  2026-05-29 22:15:00  NAS100 30,426.25 30,439.75 30,359.50 30,397.50  -29.50       -0.10   17610
350  2026-05-29 22:30:00  NAS100 30,398.00 30,419.75 30,362.75 30,376.75  -20.75       -0.07   14493
351  2026-05-29 22:45:00  NAS100 30,376.75 30,397.50 30,352.50 30,362.50  -14.25       -0.05   11062
352  2026-05-29 23:00:00  NAS100 30,364.00 30,447.75 30,357.75 30,435.75   73.25        0.24   11131
353  2026-05-29 23:15:00  NAS100 30,435.00 30,447.75 30,400.50 30,403.75  -32.00       -0.11    9258
354  2026-05-29 23:30:00  NAS100 30,404.00 30,447.50 30,385.75 30,422.50   18.75        0.06   11864
355  2026-05-29 23:45:00  NAS100 30,422.75 30,426.75 30,375.50 30,396.75  -25.75       -0.08    9302
356  2026-05-30 00:00:00  NAS100 30,398.00 30,410.75 30,381.75 30,392.50   -4.25       -0.01    7305
357  2026-05-30 00:15:00  NAS100 30,392.25 30,399.25 30,355.25 30,368.00  -24.50       -0.08   10128
358  2026-05-30 00:30:00  NAS100 30,367.00 30,376.50 30,340.25 30,347.50  -20.50       -0.07    9686
359  2026-05-30 00:45:00  NAS100 30,347.00 30,360.75 30,296.00 30,302.00  -45.50       -0.15   10716
360  2026-05-30 01:00:00  NAS100 30,301.75 30,366.25 30,291.00 30,342.50   40.50        0.13   11907
361  2026-05-30 01:15:00  NAS100 30,342.75 30,385.50 30,328.50 30,379.50   37.00        0.12    8697
362  2026-05-30 01:30:00  NAS100 30,379.50 30,402.25 30,367.00 30,384.75    5.25        0.02    8906
363  2026-05-30 01:45:00  NAS100 30,385.25 30,385.50 30,316.50 30,324.50  -60.25       -0.20   12913
364  2026-05-30 02:00:00  NAS100 30,324.00 30,369.25 30,315.25 30,365.00   40.50        0.13    8465
365  2026-05-30 02:15:00  NAS100 30,365.50 30,384.25 30,344.00 30,381.25   16.25        0.05    8263
366  2026-05-30 02:30:00  NAS100 30,382.25 30,440.00 30,381.75 30,429.00   47.75        0.16   12444
367  2026-05-30 02:45:00  NAS100 30,429.75 30,445.25 30,393.00 30,396.25  -32.75       -0.11   32012
368  2026-05-30 03:00:00  NAS100 30,396.25 30,411.00 30,389.00 30,396.25    0.00        0.00    9342
369  2026-05-30 03:15:00  NAS100 30,396.00 30,397.00 30,379.00 30,386.50   -9.75       -0.03    2848
370  2026-05-30 03:30:00  NAS100 30,386.25 30,392.25 30,376.50 30,382.75   -3.75       -0.01    1665
371  2026-05-30 03:45:00  NAS100 30,382.50 30,405.25 30,380.50 30,405.25   22.50        0.07    1824
372  2026-06-01 20:00:00  NAS100 30,449.00 30,456.00 30,310.75 30,347.50  -57.75       -0.19   12264
373  2026-06-01 20:15:00  NAS100 30,347.75 30,384.50 30,291.50 30,343.00   -4.50       -0.01   14881
374  2026-06-01 20:30:00  NAS100 30,343.00 30,462.25 30,309.50 30,413.25   70.25        0.23   42037
375  2026-06-01 20:45:00  NAS100 30,412.00 30,467.25 30,306.00 30,321.50  -91.75       -0.30   27396
376  2026-06-01 21:00:00  NAS100 30,314.50 30,384.00 30,292.00 30,352.00   30.50        0.10   30889
377  2026-06-01 21:15:00  NAS100 30,352.50 30,421.75 30,338.50 30,381.75   29.75        0.10   22452
378  2026-06-01 21:30:00  NAS100 30,381.50 30,433.00 30,368.75 30,420.00   38.25        0.13   16522
379  2026-06-01 21:45:00  NAS100 30,420.25 30,447.25 30,406.25 30,436.75   16.75        0.06   12698
380  2026-06-01 22:00:00  NAS100 30,437.00 30,457.25 30,412.50 30,446.00    9.25        0.03   13534
381  2026-06-01 22:15:00  NAS100 30,445.25 30,490.00 30,444.75 30,479.50   33.50        0.11   12705
382  2026-06-01 22:30:00  NAS100 30,479.25 30,554.25 30,477.75 30,537.75   58.25        0.19   23359
383  2026-06-01 22:45:00  NAS100 30,538.25 30,540.75 30,495.50 30,502.25  -35.50       -0.12   10907
384  2026-06-01 23:00:00  NAS100 30,501.50 30,538.50 30,469.00 30,482.50  -19.75       -0.06   12538
385  2026-06-01 23:15:00  NAS100 30,482.75 30,513.00 30,450.00 30,510.00   27.50        0.09   11727
386  2026-06-01 23:30:00  NAS100 30,510.50 30,540.50 30,510.50 30,523.50   13.50        0.04   10102
387  2026-06-01 23:45:00  NAS100 30,523.00 30,584.25 30,507.50 30,580.75   57.25        0.19   14769
388  2026-06-02 00:00:00  NAS100 30,581.25 30,584.50 30,535.00 30,550.50  -30.25       -0.10   10569
389  2026-06-02 00:15:00  NAS100 30,549.75 30,605.00 30,538.00 30,600.75   50.25        0.16    9566
390  2026-06-02 00:30:00  NAS100 30,602.25 30,693.00 30,568.75 30,651.00   50.25        0.16   23559
391  2026-06-02 00:45:00  NAS100 30,651.50 30,692.25 30,651.25 30,670.00   19.00        0.06   14542
392  2026-06-02 01:00:00  NAS100 30,670.00 30,675.75 30,629.50 30,634.75  -35.25       -0.11    8698
393  2026-06-02 01:15:00  NAS100 30,635.25 30,655.50 30,626.75 30,646.75   12.00        0.04    7706
394  2026-06-02 01:30:00  NAS100 30,646.50 30,654.50 30,631.00 30,642.25   -4.50       -0.01    5886
395  2026-06-02 01:45:00  NAS100 30,642.25 30,645.25 30,614.00 30,623.50  -18.75       -0.06    7778
396  2026-06-02 02:00:00  NAS100 30,622.75 30,648.75 30,612.75 30,630.50    7.00        0.02    8691
397  2026-06-02 02:15:00  NAS100 30,630.50 30,632.75 30,616.50 30,625.00   -5.50       -0.02    6870
398  2026-06-02 02:30:00  NAS100 30,624.00 30,625.00 30,583.25 30,588.50  -36.50       -0.12    9653
399  2026-06-02 02:45:00  NAS100 30,588.00 30,595.50 30,555.75 30,571.25  -17.25       -0.06   24600
400  2026-06-02 03:00:00  NAS100 30,571.00 30,575.00 30,548.25 30,556.75  -14.50       -0.05    7312
401  2026-06-02 03:15:00  NAS100 30,556.25 30,556.25 30,539.50 30,546.00  -10.75       -0.04    2326
402  2026-06-02 03:30:00  NAS100 30,545.75 30,574.00 30,539.25 30,554.75    8.75        0.03    3695
403  2026-06-02 03:45:00  NAS100 30,554.25 30,556.50 30,506.75 30,522.50  -32.25       -0.11    5387
404  2026-06-02 20:00:00  NAS100 30,529.75 30,536.25 30,481.25 30,493.75  -28.75       -0.09    5474
405  2026-06-02 20:15:00  NAS100 30,493.25 30,560.00 30,488.50 30,557.00   63.25        0.21    6876
406  2026-06-02 20:30:00  NAS100 30,557.00 30,567.75 30,423.75 30,503.25  -53.75       -0.18   39858
407  2026-06-02 20:45:00  NAS100 30,502.50 30,604.75 30,497.00 30,601.75   98.50        0.32   29534
408  2026-06-02 21:00:00  NAS100 30,603.00 30,647.25 30,570.00 30,633.75   32.00        0.10   24652
409  2026-06-02 21:15:00  NAS100 30,634.00 30,638.50 30,537.75 30,559.50  -74.25       -0.24   23935
410  2026-06-02 21:30:00  NAS100 30,559.25 30,625.00 30,555.25 30,623.75   64.25        0.21   18202
411  2026-06-02 21:45:00  NAS100 30,623.50 30,643.50 30,600.75 30,642.25   18.50        0.06   11946
412  2026-06-02 22:00:00  NAS100 30,642.50 30,666.00 30,611.75 30,666.00   23.75        0.08   15338
413  2026-06-02 22:15:00  NAS100 30,666.00 30,676.50 30,651.75 30,665.50   -0.50       -0.00   13122
414  2026-06-02 22:30:00  NAS100 30,666.00 30,685.75 30,650.00 30,668.00    2.50        0.01   11685
415  2026-06-02 22:45:00  NAS100 30,668.25 30,697.75 30,657.25 30,689.50   21.50        0.07   12374
416  2026-06-02 23:00:00  NAS100 30,690.00 30,713.25 30,668.25 30,700.00   10.50        0.03   12254
417  2026-06-02 23:15:00  NAS100 30,700.25 30,700.25 30,651.00 30,658.25  -41.75       -0.14   10332
418  2026-06-02 23:30:00  NAS100 30,658.75 30,676.00 30,640.50 30,647.50  -10.75       -0.04    8574
419  2026-06-02 23:45:00  NAS100 30,647.25 30,694.00 30,642.00 30,691.25   43.75        0.14    9818
420  2026-06-03 00:00:00  NAS100 30,691.00 30,703.25 30,677.75 30,695.75    4.50        0.01    8764
421  2026-06-03 00:15:00  NAS100 30,696.00 30,696.50 30,632.00 30,643.75  -52.00       -0.17   11084
422  2026-06-03 00:30:00  NAS100 30,643.00 30,649.75 30,608.75 30,635.50   -8.25       -0.03   11126
423  2026-06-03 00:45:00  NAS100 30,635.00 30,650.00 30,625.00 30,627.50   -8.00       -0.03    7811
424  2026-06-03 01:00:00  NAS100 30,628.50 30,664.00 30,614.00 30,647.75   20.25        0.07    8858
425  2026-06-03 01:15:00  NAS100 30,648.25 30,648.25 30,629.25 30,637.75  -10.00       -0.03    6582
426  2026-06-03 01:30:00  NAS100 30,638.25 30,654.50 30,598.50 30,619.00  -18.75       -0.06   10359
427  2026-06-03 01:45:00  NAS100 30,617.75 30,641.50 30,614.00 30,638.50   19.50        0.06    6783
428  2026-06-03 02:00:00  NAS100 30,639.00 30,682.25 30,637.50 30,672.75   34.25        0.11   10037
429  2026-06-03 02:15:00  NAS100 30,673.25 30,686.50 30,662.00 30,664.25   -8.50       -0.03    8332
430  2026-06-03 02:30:00  NAS100 30,663.75 30,687.00 30,662.50 30,681.75   17.50        0.06    7865
431  2026-06-03 02:45:00  NAS100 30,682.00 30,721.25 30,678.25 30,707.25   25.50        0.08   25751
432  2026-06-03 03:00:00  NAS100 30,707.25 30,763.25 30,697.75 30,738.50   31.25        0.10   12816
433  2026-06-03 03:15:00  NAS100 30,738.75 30,762.50 30,737.00 30,737.25   -1.25       -0.00    3454
434  2026-06-03 03:30:00  NAS100 30,737.75 30,745.75 30,737.00 30,743.25    6.00        0.02    1638
435  2026-06-03 03:45:00  NAS100 30,742.00 30,749.25 30,736.00 30,743.00   -0.25       -0.00    1681
436  2026-06-03 20:00:00  NAS100 30,716.75 30,742.50 30,712.50 30,730.25  -12.75       -0.04    4154
437  2026-06-03 20:15:00  NAS100 30,730.50 30,763.25 30,728.50 30,753.75   23.50        0.08    7226
438  2026-06-03 20:30:00  NAS100 30,754.75 30,807.75 30,622.00 30,623.75 -130.00       -0.42   54029
439  2026-06-03 20:45:00  NAS100 30,624.25 30,648.75 30,496.00 30,558.75  -65.00       -0.21   48188
440  2026-06-03 21:00:00  NAS100 30,562.00 30,687.75 30,547.50 30,687.25  128.50        0.42   29783
441  2026-06-03 21:15:00  NAS100 30,687.25 30,724.75 30,663.00 30,723.00   35.75        0.12   27293
442  2026-06-03 21:30:00  NAS100 30,722.75 30,739.50 30,667.25 30,701.00  -22.00       -0.07   19330
443  2026-06-03 21:45:00  NAS100 30,701.25 30,723.00 30,644.50 30,667.25  -33.75       -0.11   17575
444  2026-06-03 22:00:00  NAS100 30,667.75 30,715.50 30,664.75 30,693.00   25.75        0.08   12476
445  2026-06-03 22:15:00  NAS100 30,692.75 30,698.25 30,615.00 30,668.75  -24.25       -0.08   16321
446  2026-06-03 22:30:00  NAS100 30,668.50 30,692.25 30,599.75 30,602.25  -66.50       -0.22   16605
447  2026-06-03 22:45:00  NAS100 30,602.00 30,631.75 30,568.00 30,604.25    2.00        0.01   16179
448  2026-06-03 23:00:00  NAS100 30,605.00 30,623.25 30,579.00 30,611.25    7.00        0.02   11228
449  2026-06-03 23:15:00  NAS100 30,611.25 30,611.50 30,531.25 30,553.75  -57.50       -0.19   15880
450  2026-06-03 23:30:00  NAS100 30,552.75 30,578.50 30,505.75 30,530.25  -23.50       -0.08   15693
451  2026-06-03 23:45:00  NAS100 30,529.75 30,607.50 30,529.75 30,606.75   76.50        0.25   14542
452  2026-06-04 00:00:00  NAS100 30,607.25 30,609.00 30,534.50 30,543.50  -63.25       -0.21   13521
453  2026-06-04 00:15:00  NAS100 30,544.00 30,575.25 30,516.25 30,572.75   29.25        0.10   10928
454  2026-06-04 00:30:00  NAS100 30,572.75 30,616.50 30,543.25 30,613.50   40.75        0.13   10235
455  2026-06-04 00:45:00  NAS100 30,613.75 30,647.25 30,604.75 30,642.75   29.25        0.10    9153
456  2026-06-04 01:00:00  NAS100 30,643.25 30,655.75 30,612.00 30,625.50  -17.25       -0.06    9343
457  2026-06-04 01:15:00  NAS100 30,625.75 30,680.00 30,608.00 30,677.00   51.50        0.17   10777
458  2026-06-04 01:30:00  NAS100 30,676.50 30,682.25 30,635.00 30,651.00  -26.00       -0.08    9832
459  2026-06-04 01:45:00  NAS100 30,651.75 30,668.00 30,636.75 30,652.00    1.00        0.00    8017
460  2026-06-04 02:00:00  NAS100 30,652.00 30,659.75 30,615.25 30,636.75  -15.25       -0.05   11183
461  2026-06-04 02:15:00  NAS100 30,637.25 30,660.25 30,611.25 30,635.25   -1.50       -0.00   10086
462  2026-06-04 02:30:00  NAS100 30,634.50 30,691.25 30,627.00 30,683.75   48.50        0.16   12260
463  2026-06-04 02:45:00  NAS100 30,683.75 30,694.75 30,625.00 30,635.75  -48.00       -0.16   25879
464  2026-06-04 03:00:00  NAS100 30,635.75 30,639.75 30,597.25 30,606.75  -29.00       -0.09   12329
465  2026-06-04 03:15:00  NAS100 30,607.25 30,619.00 30,544.50 30,564.00  -42.75       -0.14   10451
466  2026-06-04 03:30:00  NAS100 30,564.25 30,566.50 30,498.25 30,501.75  -62.25       -0.20    6053
467  2026-06-04 03:45:00  NAS100 30,501.50 30,524.25 30,478.25 30,495.00   -6.75       -0.02    5665
468  2026-06-04 20:00:00  NAS100 30,310.25 30,317.00 30,287.75 30,301.75 -193.25       -0.63    4396
469  2026-06-04 20:15:00  NAS100 30,300.25 30,330.75 30,265.25 30,268.25  -33.50       -0.11    9025
470  2026-06-04 20:30:00  NAS100 30,268.25 30,364.50 30,210.00 30,227.25  -41.00       -0.14   56463
471  2026-06-04 20:45:00  NAS100 30,226.25 30,316.00 30,187.75 30,248.00   20.75        0.07   40118
472  2026-06-04 21:00:00  NAS100 30,247.75 30,282.50 30,151.00 30,279.25   31.25        0.10   40388
473  2026-06-04 21:15:00  NAS100 30,279.50 30,348.50 30,251.75 30,341.25   62.00        0.20   24728
474  2026-06-04 21:30:00  NAS100 30,341.00 30,348.25 30,290.25 30,301.50  -39.75       -0.13   19676
475  2026-06-04 21:45:00  NAS100 30,300.50 30,360.00 30,291.75 30,356.75   55.25        0.18   16744
476  2026-06-04 22:00:00  NAS100 30,357.25 30,453.25 30,354.50 30,450.50   93.75        0.31   21256
477  2026-06-04 22:15:00  NAS100 30,451.00 30,469.50 30,431.50 30,442.00   -8.50       -0.03   16647
478  2026-06-04 22:30:00  NAS100 30,442.00 30,448.75 30,410.75 30,419.00  -23.00       -0.08   11616
479  2026-06-04 22:45:00  NAS100 30,419.25 30,423.00 30,363.00 30,413.75   -5.25       -0.02   18785
480  2026-06-04 23:00:00  NAS100 30,413.25 30,452.00 30,393.00 30,440.00   26.25        0.09   10761
481  2026-06-04 23:15:00  NAS100 30,440.00 30,486.25 30,440.00 30,480.00   40.00        0.13   11401
482  2026-06-04 23:30:00  NAS100 30,480.25 30,490.00 30,436.00 30,482.75    2.75        0.01   12261
483  2026-06-04 23:45:00  NAS100 30,482.75 30,493.25 30,465.75 30,479.00   -3.75       -0.01    9048
484  2026-06-05 00:00:00  NAS100 30,479.00 30,502.25 30,464.25 30,494.00   15.00        0.05   10610
485  2026-06-05 00:15:00  NAS100 30,493.50 30,519.75 30,474.00 30,513.75   19.75        0.06    9555
486  2026-06-05 00:30:00  NAS100 30,514.00 30,540.25 30,511.00 30,540.00   26.25        0.09   12360
487  2026-06-05 00:45:00  NAS100 30,539.75 30,563.25 30,525.75 30,559.50   19.50        0.06    9334
488  2026-06-05 01:00:00  NAS100 30,559.25 30,598.50 30,555.25 30,592.00   32.50        0.11   13036
489  2026-06-05 01:15:00  NAS100 30,592.00 30,595.50 30,574.00 30,586.25   -5.75       -0.02   10160
490  2026-06-05 01:30:00  NAS100 30,586.25 30,590.75 30,557.75 30,572.50  -13.75       -0.04   10836
491  2026-06-05 01:45:00  NAS100 30,572.75 30,592.25 30,550.00 30,558.00  -14.50       -0.05    9757
492  2026-06-05 02:00:00  NAS100 30,558.00 30,588.75 30,545.75 30,555.25   -2.75       -0.01   10817
493  2026-06-05 02:15:00  NAS100 30,555.25 30,596.00 30,531.00 30,594.75   39.50        0.13   12588
494  2026-06-05 02:30:00  NAS100 30,594.25 30,603.25 30,546.50 30,548.75  -46.00       -0.15   11408
495  2026-06-05 02:45:00  NAS100 30,548.25 30,551.50 30,481.25 30,485.25  -63.50       -0.21   29899
496  2026-06-05 03:00:00  NAS100 30,485.50 30,495.00 30,439.75 30,451.75  -33.50       -0.11   13703
497  2026-06-05 03:15:00  NAS100 30,451.75 30,463.25 30,402.00 30,413.75  -38.00       -0.12    5017
498  2026-06-05 03:30:00  NAS100 30,413.00 30,424.00 30,403.00 30,411.50   -2.25       -0.01    2446
499  2026-06-05 03:45:00  NAS100 30,412.00 30,419.00 30,397.50 30,399.50  -12.00       -0.04    2793

==================================================
      HOÀN THÀNH PHÂN TÍCH          
==================================================
