==================================================
      VNSTOCK 4.x OPTIMIZED ANALYZER
      Danh sách: GOLDm
      Khung: 1H, Số lượng: 200
==================================================

==================================================
      PHÂN TÍCH MÃ: GOLD (Gold / USD (TradingView)) 
      Khung thời gian: 1H
==================================================

--- [ LỊCH SỬ GIÁ GOLD (Phiên Mỹ) ] ---
                    time symbol     open     high      low    close  change  wick_up   body  wick_dn     volume
0    2026-06-16 20:00:00   GOLD 4,354.57 4,354.84 4,331.67 4,331.85   23.00     0.27 -22.72     0.18  41,810.00
1    2026-06-16 21:00:00   GOLD 4,331.82 4,338.89 4,313.32 4,324.19   -7.66     7.07  -7.63    10.87  48,743.00
2    2026-06-16 22:00:00   GOLD 4,324.11 4,343.44 4,321.02 4,335.35   11.16     8.09  11.24     3.09  39,758.00
3    2026-06-16 23:00:00   GOLD 4,335.31 4,347.15 4,334.98 4,340.60    5.25     6.55   5.30     0.33  31,532.00
4    2026-06-17 00:00:00   GOLD 4,340.57 4,341.20 4,325.37 4,340.22   -0.39     0.63  -0.35    14.85  28,195.00
5    2026-06-17 01:00:00   GOLD 4,340.23 4,342.94 4,336.23 4,338.58   -1.64     2.70  -1.65     2.35  19,677.00
6    2026-06-17 02:00:00   GOLD 4,338.66 4,342.92 4,330.69 4,334.10   -4.48     4.26  -4.56     3.41  27,469.00
7    2026-06-17 03:00:00   GOLD 4,334.06 4,335.02 4,329.69 4,331.28   -2.82     0.95  -2.78     1.59   9,878.00
8    2026-06-17 20:00:00   GOLD 4,333.68 4,345.27 4,324.09 4,339.70    8.43     5.57   6.03     9.59  38,917.00
9    2026-06-17 21:00:00   GOLD 4,339.69 4,364.09 4,330.95 4,344.70    4.99    19.39   5.01     8.74  59,442.00
10   2026-06-17 22:00:00   GOLD 4,344.67 4,364.94 4,343.82 4,363.57   18.88     1.36  18.90     0.85  36,297.00
11   2026-06-17 23:00:00   GOLD 4,363.55 4,366.56 4,355.14 4,359.52   -4.06     3.01  -4.03     4.38  18,925.00
12   2026-06-18 00:00:00   GOLD 4,359.51 4,382.61 4,355.34 4,379.55   20.03     3.06  20.05     4.17  33,076.00
13   2026-06-18 01:00:00   GOLD 4,379.51 4,379.51 4,270.20 4,286.52  -93.03     0.00 -92.98    16.32 183,446.00
14   2026-06-18 02:00:00   GOLD 4,286.53 4,295.70 4,219.16 4,236.06  -50.47     9.16 -50.48    16.89 150,070.00
15   2026-06-18 03:00:00   GOLD 4,235.99 4,269.85 4,235.20 4,257.65   21.59    12.20  21.66     0.78  38,820.00
16   2026-06-18 20:00:00   GOLD 4,246.77 4,276.74 4,245.09 4,256.76   -0.89    19.99   9.98     1.68  67,269.00
17   2026-06-18 21:00:00   GOLD 4,256.80 4,257.98 4,237.27 4,252.35   -4.41     1.18  -4.45    15.08  70,836.00
18   2026-06-18 22:00:00   GOLD 4,252.36 4,254.85 4,223.20 4,226.69  -25.66     2.48 -25.68     3.49  62,288.00
19   2026-06-18 23:00:00   GOLD 4,226.75 4,233.47 4,214.16 4,219.65   -7.04     6.72  -7.10     5.48  47,731.00
20   2026-06-19 00:00:00   GOLD 4,219.68 4,233.23 4,218.81 4,230.29   10.64     2.94  10.61     0.87  35,963.00
21   2026-06-19 01:00:00   GOLD 4,230.31 4,233.23 4,218.34 4,218.60  -11.69     2.93 -11.70     0.26  34,594.00
22   2026-06-19 02:00:00   GOLD 4,218.72 4,219.29 4,201.49 4,217.20   -1.40     0.57  -1.51    15.71  40,883.00
23   2026-06-19 03:00:00   GOLD 4,217.21 4,219.69 4,207.69 4,208.99   -8.21     2.48  -8.22     1.31  14,757.00
24   2026-06-19 20:00:00   GOLD 4,179.06 4,183.12 4,150.56 4,151.54  -57.45     4.06 -27.52     0.98  37,503.00
25   2026-06-19 21:00:00   GOLD 4,151.52 4,154.77 4,142.55 4,149.48   -2.06     3.24  -2.04     6.94  24,966.00
26   2026-06-19 22:00:00   GOLD 4,149.48 4,154.15 4,147.84 4,151.25    1.77     2.90   1.77     1.64  16,664.00
27   2026-06-19 23:00:00   GOLD 4,151.24 4,157.98 4,144.32 4,155.40    4.15     2.58   4.16     6.92  16,524.00
28   2026-06-22 20:00:00   GOLD 4,193.29 4,205.80 4,183.00 4,199.88   44.47     5.93   6.59    10.29  62,685.00
29   2026-06-22 21:00:00   GOLD 4,199.93 4,210.78 4,186.48 4,198.39   -1.49    10.85  -1.54    11.91  64,062.00
30   2026-06-22 22:00:00   GOLD 4,198.39 4,201.45 4,169.82 4,182.81  -15.58     3.06 -15.59    12.99  48,585.00
31   2026-06-22 23:00:00   GOLD 4,182.85 4,193.23 4,174.40 4,190.13    7.32     3.10   7.28     8.45  29,077.00
32   2026-06-23 00:00:00   GOLD 4,190.23 4,191.73 4,177.16 4,183.23   -6.90     1.49  -7.00     6.07  25,880.00
33   2026-06-23 01:00:00   GOLD 4,183.31 4,192.91 4,182.67 4,191.34    8.11     1.57   8.03     0.64  22,287.00
34   2026-06-23 02:00:00   GOLD 4,191.36 4,193.47 4,184.23 4,190.76   -0.59     2.11  -0.60     6.53  24,428.00
35   2026-06-23 03:00:00   GOLD 4,190.80 4,193.84 4,188.72 4,191.69    0.93     2.15   0.89     2.08   7,790.00
36   2026-06-23 20:00:00   GOLD 4,113.30 4,140.39 4,105.43 4,135.39  -56.30     5.00  22.10     7.86  72,569.00
37   2026-06-23 21:00:00   GOLD 4,135.35 4,145.22 4,122.77 4,130.08   -5.31     9.86  -5.27     7.31  71,865.00
38   2026-06-23 22:00:00   GOLD 4,130.07 4,141.82 4,123.48 4,138.71    8.63     3.11   8.64     6.59  53,457.00
39   2026-06-23 23:00:00   GOLD 4,138.76 4,143.94 4,131.65 4,134.39   -4.32     5.18  -4.37     2.74  29,357.00
40   2026-06-24 00:00:00   GOLD 4,134.35 4,139.95 4,127.79 4,128.10   -6.28     5.60  -6.25     0.31  29,371.00
41   2026-06-24 01:00:00   GOLD 4,128.12 4,131.16 4,112.88 4,117.88  -10.22     3.04 -10.24     5.00  25,733.00
42   2026-06-24 02:00:00   GOLD 4,117.90 4,126.22 4,111.68 4,111.80   -6.09     8.32  -6.10     0.12  38,801.00
43   2026-06-24 03:00:00   GOLD 4,111.85 4,113.03 4,107.53 4,110.74   -1.05     1.19  -1.10     3.22  13,154.00
44   2026-06-24 20:00:00   GOLD 3,988.11 4,042.26 3,964.64 4,038.36  -72.38     3.90  50.25    23.47 126,230.00
45   2026-06-24 21:00:00   GOLD 4,038.33 4,041.03 4,003.07 4,008.05  -30.31     2.70 -30.28     4.98  89,792.00
46   2026-06-24 22:00:00   GOLD 4,008.17 4,016.97 3,997.37 4,002.64   -5.41     8.80  -5.53     5.27  62,681.00
47   2026-06-24 23:00:00   GOLD 4,002.61 4,022.43 3,995.61 4,006.84    4.21    15.59   4.24     6.99  54,998.00
48   2026-06-25 00:00:00   GOLD 4,006.86 4,011.49 3,972.78 3,972.90  -33.94     4.62 -33.96     0.12  68,466.00
49   2026-06-25 01:00:00   GOLD 3,973.03 3,994.34 3,959.08 3,981.53    8.63    12.81   8.50    13.95  73,663.00
50   2026-06-25 02:00:00   GOLD 3,981.74 3,990.88 3,973.67 3,988.05    6.52     2.82   6.32     8.07  51,361.00
51   2026-06-25 03:00:00   GOLD 3,988.07 4,003.00 3,984.71 3,999.50   11.45     3.50  11.43     3.36  29,631.00
52   2026-06-25 20:00:00   GOLD 4,012.68 4,034.22 4,000.98 4,002.36    2.86    21.55 -10.32     1.38  94,904.00
53   2026-06-25 21:00:00   GOLD 4,002.36 4,028.55 3,999.17 4,011.93    9.56    16.62   9.57     3.19  95,752.00
54   2026-06-25 22:00:00   GOLD 4,011.92 4,042.76 4,005.02 4,041.53   29.60     1.23  29.61     6.90  79,890.00
55   2026-06-25 23:00:00   GOLD 4,041.49 4,044.09 4,023.88 4,028.73  -12.80     2.60 -12.76     4.85  47,003.00
56   2026-06-26 00:00:00   GOLD 4,028.78 4,036.83 4,026.88 4,034.72    5.99     2.11   5.94     1.90  40,208.00
57   2026-06-26 01:00:00   GOLD 4,034.74 4,044.14 4,026.03 4,034.80    0.08     9.34   0.07     8.71  43,424.00
58   2026-06-26 02:00:00   GOLD 4,034.88 4,043.87 4,021.97 4,026.83   -7.97     8.99  -8.05     4.86  38,254.00
59   2026-06-26 03:00:00   GOLD 4,026.74 4,035.16 4,024.51 4,026.92    0.09     8.24   0.18     2.23  13,962.00
60   2026-06-26 20:00:00   GOLD 4,059.03 4,078.26 4,043.23 4,073.77   46.85     4.49  14.74    15.80  87,952.00
61   2026-06-26 21:00:00   GOLD 4,073.75 4,093.15 4,067.80 4,080.59    6.82    12.57   6.84     5.95  70,381.00
62   2026-06-26 22:00:00   GOLD 4,080.63 4,095.99 4,075.72 4,090.62   10.04     5.36   9.99     4.91  41,829.00
63   2026-06-26 23:00:00   GOLD 4,090.71 4,093.78 4,082.21 4,085.20   -5.43     3.07  -5.51     2.99  29,516.00
64   2026-06-27 00:00:00   GOLD 4,085.22 4,088.22 4,073.82 4,074.85  -10.35     2.99 -10.38     1.03  28,429.00
65   2026-06-27 01:00:00   GOLD 4,074.86 4,079.02 4,067.28 4,067.46   -7.39     4.16  -7.40     0.18  19,781.00
66   2026-06-27 02:00:00   GOLD 4,067.48 4,074.70 4,064.70 4,071.82    4.36     2.88   4.34     2.78  26,051.00
67   2026-06-27 03:00:00   GOLD 4,071.84 4,091.20 4,064.80 4,088.39   16.57     2.82  16.54     7.05  25,892.00
68   2026-06-29 20:00:00   GOLD 4,043.78 4,051.93 4,028.32 4,032.26  -56.12     8.15 -11.52     3.95  45,555.00
69   2026-06-29 21:00:00   GOLD 4,032.36 4,035.62 4,000.32 4,025.74   -6.52     3.26  -6.62    25.42  72,757.00
70   2026-06-29 22:00:00   GOLD 4,025.71 4,030.53 4,016.84 4,026.96    1.22     3.57   1.25     8.87  38,256.00
71   2026-06-29 23:00:00   GOLD 4,026.97 4,028.76 4,018.76 4,023.97   -2.99     1.79  -3.00     5.22  21,601.00
72   2026-06-30 00:00:00   GOLD 4,023.98 4,032.17 4,019.41 4,021.05   -2.92     8.19  -2.93     1.65  20,355.00
73   2026-06-30 01:00:00   GOLD 4,021.07 4,025.41 4,012.02 4,013.58   -7.47     4.34  -7.49     1.56  14,911.00
74   2026-06-30 02:00:00   GOLD 4,013.57 4,019.68 4,005.43 4,015.95    2.38     3.72   2.38     8.14  21,525.00
75   2026-06-30 03:00:00   GOLD 4,015.91 4,018.11 4,012.82 4,016.95    1.00     1.16   1.05     3.09   6,714.00
76   2026-06-30 20:00:00   GOLD 4,010.03 4,033.46 4,009.45 4,029.38   12.42     4.09  19.35     0.57  65,636.00
77   2026-06-30 21:00:00   GOLD 4,029.41 4,063.48 4,025.43 4,037.41    8.03    26.07   7.99     3.99  68,285.00
78   2026-06-30 22:00:00   GOLD 4,037.45 4,039.53 4,022.34 4,029.36   -8.04     2.08  -8.09     7.03  45,191.00
79   2026-06-30 23:00:00   GOLD 4,029.34 4,034.01 4,025.86 4,026.18   -3.19     4.68  -3.16     0.32  20,865.00
80   2026-07-01 00:00:00   GOLD 4,026.14 4,032.26 4,020.76 4,030.89    4.71     1.38   4.74     5.38  21,283.00
81   2026-07-01 01:00:00   GOLD 4,030.88 4,033.93 4,028.24 4,028.55   -2.34     3.05  -2.32     0.31  15,825.00
82   2026-07-01 02:00:00   GOLD 4,028.56 4,029.61 4,014.73 4,015.97  -12.58     1.05 -12.59     1.24  25,135.00
83   2026-07-01 03:00:00   GOLD 4,015.99 4,021.26 4,006.58 4,007.53   -8.44     5.28  -8.46     0.95  15,689.00
84   2026-07-01 20:00:00   GOLD 4,022.93 4,108.20 4,012.86 4,089.65   82.12    18.55  66.72    10.07 100,187.00
85   2026-07-01 21:00:00   GOLD 4,090.05 4,115.81 4,082.93 4,093.46    3.81    22.35   3.41     7.12  79,531.00
86   2026-07-01 22:00:00   GOLD 4,093.47 4,094.66 4,076.75 4,081.16  -12.30     1.19 -12.32     4.41  44,440.00
87   2026-07-01 23:00:00   GOLD 4,081.16 4,088.43 4,070.55 4,071.28   -9.88     7.27  -9.88     0.73  35,742.00
88   2026-07-02 00:00:00   GOLD 4,071.18 4,073.72 4,067.33 4,068.21   -3.07     2.55  -2.97     0.88  30,865.00
89   2026-07-02 01:00:00   GOLD 4,068.21 4,070.85 4,057.86 4,062.19   -6.02     2.64  -6.02     4.33  23,206.00
90   2026-07-02 02:00:00   GOLD 4,062.18 4,068.36 4,034.58 4,038.88  -23.31     6.19 -23.30     4.30  28,938.00
91   2026-07-02 03:00:00   GOLD 4,038.87 4,039.83 4,028.26 4,031.70   -7.18     0.96  -7.16     3.44  20,575.00
92   2026-07-02 20:00:00   GOLD 4,117.55 4,144.08 4,109.44 4,136.79  105.09     7.29  19.24     8.11  99,944.00
93   2026-07-02 21:00:00   GOLD 4,136.81 4,138.27 4,114.06 4,128.65   -8.14     1.45  -8.16    14.59  79,793.00
94   2026-07-02 22:00:00   GOLD 4,128.64 4,131.66 4,114.74 4,128.54   -0.11     3.02  -0.10    13.80  64,073.00
95   2026-07-02 23:00:00   GOLD 4,128.60 4,130.39 4,100.35 4,118.19  -10.35     1.79 -10.41    17.83  44,173.00
96   2026-07-03 00:00:00   GOLD 4,118.02 4,120.05 4,105.85 4,106.89  -11.30     2.02 -11.13     1.04  38,312.00
97   2026-07-03 01:00:00   GOLD 4,106.81 4,127.09 4,105.90 4,122.75   15.86     4.34  15.94     0.92  32,236.00
98   2026-07-03 02:00:00   GOLD 4,122.76 4,124.48 4,108.30 4,121.43   -1.32     1.73  -1.33    13.13  28,484.00
99   2026-07-03 03:00:00   GOLD 4,121.39 4,125.19 4,116.36 4,123.60    2.18     1.59   2.22     5.02   9,063.00
100  2026-07-03 20:00:00   GOLD 4,176.90 4,179.38 4,163.70 4,164.76   41.16     2.48 -12.14     1.06  31,762.00
101  2026-07-03 21:00:00   GOLD 4,164.90 4,171.30 4,155.41 4,170.00    5.24     1.30   5.10     9.49  19,242.00
102  2026-07-03 22:00:00   GOLD 4,169.99 4,174.51 4,164.54 4,164.82   -5.18     4.52  -5.16     0.28  15,090.00
103  2026-07-03 23:00:00   GOLD 4,164.81 4,176.58 4,163.00 4,175.69   10.87     0.89  10.88     1.81  13,390.00
104  2026-07-06 20:00:00   GOLD 4,139.66 4,150.62 4,136.06 4,140.84  -34.86     9.79   1.18     3.60  50,631.00
105  2026-07-06 21:00:00   GOLD 4,140.10 4,147.25 4,128.51 4,138.25   -2.59     7.15  -1.85     9.74  41,843.00
106  2026-07-06 22:00:00   GOLD 4,138.23 4,152.19 4,137.54 4,148.43   10.18     3.76  10.20     0.69  26,457.00
107  2026-07-06 23:00:00   GOLD 4,148.48 4,156.34 4,140.30 4,155.14    6.71     1.20   6.66     8.18  17,561.00
108  2026-07-07 00:00:00   GOLD 4,155.15 4,161.65 4,150.45 4,161.26    6.12     0.39   6.11     4.69  21,629.00
109  2026-07-07 01:00:00   GOLD 4,161.30 4,167.59 4,155.44 4,164.08    2.82     3.51   2.78     5.86  16,751.00
110  2026-07-07 02:00:00   GOLD 4,164.07 4,165.53 4,158.90 4,163.81   -0.27     1.45  -0.26     4.91  18,745.00
111  2026-07-07 03:00:00   GOLD 4,163.81 4,165.17 4,160.77 4,165.11    1.30     0.06   1.31     3.03   7,427.00
112  2026-07-07 20:00:00   GOLD 4,172.51 4,180.52 4,156.16 4,158.71   -6.40     8.02 -13.80     2.55  53,682.00
113  2026-07-07 21:00:00   GOLD 4,158.64 4,163.95 4,143.73 4,154.32   -4.39     5.31  -4.32    10.59  61,774.00
114  2026-07-07 22:00:00   GOLD 4,154.22 4,155.70 4,135.94 4,139.06  -15.26     1.48 -15.16     3.11  34,651.00
115  2026-07-07 23:00:00   GOLD 4,139.07 4,147.31 4,137.14 4,145.23    6.18     2.08   6.16     1.93  21,651.00
116  2026-07-08 00:00:00   GOLD 4,145.19 4,148.35 4,140.69 4,144.57   -0.66     3.16  -0.61     3.89  25,446.00
117  2026-07-08 01:00:00   GOLD 4,144.64 4,145.36 4,125.23 4,127.10  -17.47     0.73 -17.53     1.88  32,469.00
118  2026-07-08 02:00:00   GOLD 4,127.06 4,127.88 4,092.30 4,114.22  -12.89     0.82 -12.85    21.92  63,853.00
119  2026-07-08 03:00:00   GOLD 4,114.20 4,115.90 4,103.53 4,106.12   -8.10     1.70  -8.09     2.59  11,462.00
120  2026-07-08 20:00:00   GOLD 4,072.33 4,083.18 4,065.34 4,070.89  -35.22    10.86  -1.43     5.55  83,941.00
121  2026-07-08 21:00:00   GOLD 4,070.82 4,071.59 4,033.89 4,040.91  -29.98     0.76 -29.91     7.03  76,163.00
122  2026-07-08 22:00:00   GOLD 4,040.95 4,043.96 4,021.82 4,034.46   -6.45     3.01  -6.49    12.64  68,804.00
123  2026-07-08 23:00:00   GOLD 4,034.49 4,064.48 4,033.22 4,063.87   29.41     0.61  29.38     1.26  62,249.00
124  2026-07-09 00:00:00   GOLD 4,063.88 4,076.49 4,059.77 4,065.53    1.66    10.96   1.66     4.11  39,391.00
125  2026-07-09 01:00:00   GOLD 4,065.45 4,091.67 4,063.50 4,084.28   18.75     7.39  18.84     1.95  46,558.00
126  2026-07-09 02:00:00   GOLD 4,084.28 4,091.38 4,078.43 4,080.05   -4.23     7.10  -4.22     1.63  43,166.00
127  2026-07-09 03:00:00   GOLD 4,080.04 4,083.64 4,071.64 4,077.12   -2.93     3.60  -2.92     5.47  16,881.00
128  2026-07-09 20:00:00   GOLD 4,107.66 4,129.59 4,106.88 4,122.09   44.97     7.51  14.42     0.79  42,545.00
129  2026-07-09 21:00:00   GOLD 4,122.02 4,136.60 4,114.31 4,127.84    5.76     8.76   5.82     7.71  43,911.00
130  2026-07-09 22:00:00   GOLD 4,127.91 4,132.84 4,124.89 4,126.89   -0.95     4.93  -1.03     2.00  29,853.00
131  2026-07-09 23:00:00   GOLD 4,126.89 4,138.03 4,125.78 4,128.15    1.27     9.88   1.27     1.10  25,540.00
132  2026-07-10 00:00:00   GOLD 4,128.11 4,138.06 4,125.10 4,136.24    8.09     1.82   8.12     3.02  26,131.00
133  2026-07-10 01:00:00   GOLD 4,136.23 4,136.48 4,121.53 4,124.59  -11.65     0.25 -11.64     3.06  18,260.00
134  2026-07-10 02:00:00   GOLD 4,124.58 4,127.06 4,118.91 4,122.56   -2.03     2.48  -2.02     3.65  17,182.00
135  2026-07-10 03:00:00   GOLD 4,122.44 4,125.74 4,120.70 4,123.79    1.23     1.95   1.35     1.74   8,011.00
136  2026-07-10 20:00:00   GOLD 4,100.86 4,106.77 4,085.86 4,099.99  -23.80     5.90  -0.87    14.14  37,588.00
137  2026-07-10 21:00:00   GOLD 4,099.99 4,109.15 4,072.80 4,092.94   -7.05     9.16  -7.05    20.14  56,908.00
138  2026-07-10 22:00:00   GOLD 4,092.95 4,113.60 4,091.46 4,113.11   20.17     0.48  20.17     1.49  35,320.00
139  2026-07-10 23:00:00   GOLD 4,113.22 4,115.51 4,104.48 4,104.52   -8.59     2.30  -8.69     0.05  20,825.00
140  2026-07-11 00:00:00   GOLD 4,104.52 4,107.03 4,100.58 4,100.78   -3.74     2.51  -3.74     0.20  17,505.00
141  2026-07-11 01:00:00   GOLD 4,100.81 4,105.58 4,098.21 4,101.38    0.59     4.20   0.56     2.60  16,444.00
142  2026-07-11 02:00:00   GOLD 4,101.41 4,109.15 4,097.93 4,108.47    7.09     0.69   7.05     3.49  16,791.00
143  2026-07-11 03:00:00   GOLD 4,108.47 4,121.38 4,108.40 4,120.67   12.20     0.70  12.20     0.07   8,980.00
144  2026-07-13 20:00:00   GOLD 4,067.61 4,067.80 4,042.01 4,043.43  -77.24     0.19 -24.18     1.42  59,843.00
145  2026-07-13 21:00:00   GOLD 4,043.39 4,047.03 4,000.23 4,015.41  -28.01     3.64 -27.97    15.18 102,254.00
146  2026-07-13 22:00:00   GOLD 4,015.40 4,020.36 4,010.37 4,016.09    0.68     4.26   0.69     5.03  46,669.00
147  2026-07-13 23:00:00   GOLD 4,016.16 4,018.11 3,986.58 3,993.50  -22.59     1.96 -22.66     6.92  66,778.00
148  2026-07-14 00:00:00   GOLD 3,993.66 4,002.03 3,992.05 3,993.27   -0.23     8.37  -0.39     1.22  48,643.00
149  2026-07-14 01:00:00   GOLD 3,993.34 4,005.22 3,986.92 4,001.51    8.24     3.70   8.18     6.41  42,225.00
150  2026-07-14 02:00:00   GOLD 4,001.59 4,004.61 3,993.62 4,002.07    0.56     2.54   0.49     7.97  39,891.00
151  2026-07-14 03:00:00   GOLD 4,002.07 4,006.24 3,996.59 4,001.18   -0.89     4.18  -0.88     4.59  15,691.00
152  2026-07-14 20:00:00   GOLD 4,076.34 4,088.80 4,071.00 4,076.63   75.45    12.16   0.30     5.34  90,431.00
153  2026-07-14 21:00:00   GOLD 4,076.68 4,090.66 4,070.71 4,085.16    8.53     5.50   8.48     5.97  78,512.00
154  2026-07-14 22:00:00   GOLD 4,085.21 4,100.69 4,064.72 4,066.41  -18.74    15.48 -18.80     1.69  71,565.00
155  2026-07-14 23:00:00   GOLD 4,066.40 4,067.31 4,057.81 4,061.62   -4.79     0.91  -4.78     3.82  39,836.00
156  2026-07-15 00:00:00   GOLD 4,061.61 4,065.17 4,054.57 4,062.89    1.26     2.28   1.28     7.03  27,059.00
157  2026-07-15 01:00:00   GOLD 4,062.68 4,063.20 4,042.89 4,054.35   -8.54     0.52  -8.33    11.46  31,296.00
158  2026-07-15 02:00:00   GOLD 4,054.36 4,057.39 4,047.84 4,055.84    1.49     1.55   1.49     6.52  25,384.00
159  2026-07-15 03:00:00   GOLD 4,055.83 4,056.57 4,049.31 4,052.78   -3.07     0.74  -3.05     3.47   9,839.00
160  2026-07-15 20:00:00   GOLD 4,068.05 4,074.18 4,054.11 4,061.69    8.91     6.13  -6.36     7.59  59,332.00
161  2026-07-15 21:00:00   GOLD 4,061.86 4,066.07 4,053.32 4,060.61   -1.08     4.22  -1.24     7.29  48,372.00
162  2026-07-15 22:00:00   GOLD 4,060.61 4,063.01 4,039.66 4,046.99  -13.62     2.41 -13.62     7.33  47,195.00
163  2026-07-15 23:00:00   GOLD 4,047.03 4,048.02 4,026.95 4,033.83  -13.16     0.99 -13.20     6.88  52,327.00
164  2026-07-16 00:00:00   GOLD 4,033.82 4,066.30 4,033.11 4,062.36   28.53     3.94  28.54     0.71  42,057.00
165  2026-07-16 01:00:00   GOLD 4,062.41 4,081.52 4,058.10 4,059.29   -3.07    19.11  -3.12     1.19  39,529.00
166  2026-07-16 02:00:00   GOLD 4,059.26 4,063.05 4,048.10 4,057.12   -2.17     3.79  -2.14     9.02  28,515.00
167  2026-07-16 03:00:00   GOLD 4,057.03 4,063.22 4,055.26 4,060.70    3.58     2.53   3.66     1.78   8,131.00
168  2026-07-16 20:00:00   GOLD 3,992.55 4,008.49 3,973.80 3,990.26  -70.43    15.93  -2.29    16.46  83,472.00
169  2026-07-16 21:00:00   GOLD 3,990.23 4,006.82 3,987.19 3,997.92    7.66     8.89   7.69     3.04  56,176.00
170  2026-07-16 22:00:00   GOLD 3,997.97 4,017.03 3,989.47 4,007.12    9.20     9.91   9.16     8.50  41,810.00
171  2026-07-16 23:00:00   GOLD 4,007.17 4,007.78 3,982.45 3,992.05  -15.07     0.61 -15.12     9.60  52,039.00
172  2026-07-17 00:00:00   GOLD 3,992.09 3,992.99 3,980.09 3,984.71   -7.34     0.90  -7.38     4.62  48,506.00
173  2026-07-17 01:00:00   GOLD 3,984.74 3,990.51 3,976.69 3,980.36   -4.35     5.77  -4.38     3.67  42,442.00
174  2026-07-17 02:00:00   GOLD 3,980.40 3,986.13 3,969.34 3,980.09   -0.28     5.73  -0.32    10.74  45,451.00
175  2026-07-17 03:00:00   GOLD 3,980.20 3,980.27 3,971.91 3,976.58   -3.51     0.07  -3.62     4.67  12,874.00
176  2026-07-17 20:00:00   GOLD 3,966.34 4,003.74 3,959.80 3,997.37   20.79     6.38  31.03     6.54 109,613.00
177  2026-07-17 21:00:00   GOLD 3,997.30 4,004.61 3,990.19 4,001.36    3.99     3.24   4.06     7.11  94,237.00
178  2026-07-17 22:00:00   GOLD 4,001.26 4,021.34 3,997.74 4,019.20   17.84     2.14  17.94     3.52  73,734.00
179  2026-07-17 23:00:00   GOLD 4,019.36 4,023.84 4,011.03 4,014.98   -4.22     4.47  -4.38     3.95  49,583.00
180  2026-07-18 00:00:00   GOLD 4,015.09 4,019.27 4,008.32 4,010.14   -4.84     4.18  -4.95     1.82  34,528.00
181  2026-07-18 01:00:00   GOLD 4,010.14 4,016.26 4,006.68 4,011.39    1.25     4.88   1.24     3.47  36,969.00
182  2026-07-18 02:00:00   GOLD 4,011.30 4,016.61 4,002.42 4,015.47    4.09     1.13   4.17     8.88  40,354.00
183  2026-07-18 03:00:00   GOLD 4,015.59 4,019.04 4,008.70 4,017.32    1.84     1.72   1.73     6.89  18,227.00
184  2026-07-20 20:00:00   GOLD 4,008.18 4,017.48 4,005.77 4,005.82  -11.49     9.30  -2.36     0.05  56,352.00
185  2026-07-20 21:00:00   GOLD 4,005.80 4,013.88 3,998.33 4,006.30    0.48     7.58   0.51     7.47  49,862.00
186  2026-07-20 22:00:00   GOLD 4,006.34 4,019.63 4,004.63 4,011.86    5.55     7.78   5.52     1.70  37,653.00
187  2026-07-20 23:00:00   GOLD 4,011.84 4,018.39 4,001.58 4,009.78   -2.08     6.55  -2.06     8.20  30,523.00
188  2026-07-21 00:00:00   GOLD 4,009.77 4,013.09 4,003.89 4,005.38   -4.39     3.32  -4.39     1.49  27,264.00
189  2026-07-21 01:00:00   GOLD 4,005.41 4,011.87 4,003.41 4,007.34    1.96     4.53   1.93     2.01  27,185.00
190  2026-07-21 02:00:00   GOLD 4,007.35 4,018.03 4,004.30 4,006.99   -0.35    10.68  -0.36     2.69  37,163.00
191  2026-07-21 03:00:00   GOLD 4,007.01 4,009.55 4,005.87 4,007.59    0.59     1.97   0.58     1.14  10,854.00
192  2026-07-21 20:00:00   GOLD 4,053.90 4,061.80 4,044.72 4,053.24   45.66     7.89  -0.66     8.52  54,149.00
193  2026-07-21 21:00:00   GOLD 4,053.20 4,074.08 4,051.61 4,068.64   15.39     5.44  15.44     1.59  49,670.00
194  2026-07-21 22:00:00   GOLD 4,068.49 4,083.41 4,065.74 4,074.26    5.62     9.15   5.77     2.75  34,962.00
195  2026-07-21 23:00:00   GOLD 4,074.26 4,079.26 4,069.95 4,071.55   -2.70     5.00  -2.71     1.61  19,802.00
196  2026-07-22 00:00:00   GOLD 4,071.55 4,072.86 4,066.83 4,068.75   -2.80     1.30  -2.80     1.92  20,886.00
197  2026-07-22 01:00:00   GOLD 4,068.81 4,087.14 4,067.79 4,082.23   13.48     4.91  13.42     1.02  19,603.00
198  2026-07-22 02:00:00   GOLD 4,082.25 4,085.82 4,080.09 4,084.49    2.26     1.33   2.24     2.16  22,792.00
199  2026-07-22 03:00:00   GOLD 4,084.43 4,086.45 4,076.91 4,077.32   -7.16     2.02  -7.11     0.41   8,945.00

==================================================
      HOÀN THÀNH PHÂN TÍCH          
==================================================
