==================================================
      VNSTOCK & GLOBAL MARKET ANALYZER
      Danh sách: VCB
      Khung: 1W, Số lượng: 100
==================================================

==================================================
      PHÂN TÍCH MÃ: VCB
      Khung thời gian: 1W
==================================================
┏━━━━━━━━━━━━━━━━━━━━━━━━━━━━━━━━━━━━━━━━━━━━━━━━━━━━━━━━━━━━━━━━━━━━━━━━━━━━━━━━━┓
┃                                                                                 ┃
┃                                                                                 ┃
┃  🚀 VNSTOCK INSIDERS PROGRAM - NÂNG TẦM TRẢI NGHIỆM CỦA BẠN! 🚀                 ┃
┃                                                                                 ┃
┃  Nếu bạn cảm thấy khó chịu với các thông báo và quảng cáo:                      ┃
┃                                                                                 ┃
┃  ✨ Ẩn toàn bộ thông báo và quảng cáo phiền hà                                  ┃
┃  🔓 Mở rộng khả năng sử dụng API tối đa                                         ┃
┃  ⚡ Tăng tốc tải dữ liệu từ 5-8 lần                                              ┃
┃  📈 Tăng giới hạn truy cập API lên đến 5 lần                                    ┃
┃  🤖 Dùng AI Agent viết code hiệu quả với tài liệu Agent Guide                   ┃
┃                                                                                 ┃
┃  🔗 Tham gia ngay: https://vnstocks.com/insiders-program.                       ┃
┃                                                                                 ┃
┗━━━━━━━━━━━━━━━━━━━━━━━━━━━━━━━━━━━━━━━━━━━━━━━━━━━━━━━━━━━━━━━━━━━━━━━━━━━━━━━━━┛

--- [ LỊCH SỬ GIÁ VCB  ] ---
      time symbol  open  high   low  close  change  wick_up  body  wick_dn    volume
2024-10-13    VCB 60.78 61.37 60.19  60.91    0.59     0.46  0.13     0.59   6102400
2024-10-20    VCB 60.98 61.50 60.12  60.52   -0.39     0.52 -0.46     0.40   5183600
2024-10-27    VCB 60.32 62.62 60.32  61.64    1.12     0.98  1.32     0.00   7648700
2024-11-03    VCB 61.97 62.82 60.65  60.78   -0.86     0.85 -1.19     0.13   7152000
2024-11-10    VCB 61.18 61.44 60.38  60.45   -0.33     0.26 -0.73     0.07   7769800
2024-11-17    VCB 60.45 60.84 59.26  59.72   -0.73     0.39 -0.73     0.46   8283400
2024-11-24    VCB 59.92 61.64 59.92  61.50    1.78     0.14  1.58     0.00   6921500
2024-12-01    VCB 62.56 62.82 60.98  62.10    0.60     0.26 -0.46     1.12   9256400
2024-12-08    VCB 62.10 62.82 61.24  61.37   -0.73     0.72 -0.73     0.13   6379100
2024-12-15    VCB 61.31 61.50 60.78  60.98   -0.39     0.19 -0.33     0.20   5815800
2024-12-22    VCB 61.04 61.83 60.65  60.78   -0.20     0.79 -0.26     0.13   7402000
2024-12-29    VCB 60.78 60.98 60.12  60.65   -0.13     0.20 -0.13     0.53   7113400
2025-01-05    VCB 60.65 61.57 60.25  60.25   -0.40     0.92 -0.40     0.00   6092000
2025-01-12    VCB 60.19 61.44 60.05  60.98    0.73     0.46  0.79     0.14   5643000
2025-01-19    VCB 60.84 61.31 60.12  61.04    0.06     0.27  0.20     0.72   6634600
2025-02-02    VCB 60.84 61.57 60.38  61.31    0.27     0.26  0.47     0.46   7249300
2025-02-09    VCB 61.24 61.24 60.25  60.38   -0.93     0.00 -0.86     0.13   6201700
2025-02-16    VCB 60.32 61.37 60.19  61.37    0.99     0.00  1.05     0.13   7512100
2025-02-23    VCB 61.50 62.89 60.78  61.50    0.13     1.39  0.00     0.72  11751400
2025-03-02    VCB 61.64 62.82 61.11  62.69    1.19     0.13  1.05     0.53  11927200
2025-03-09    VCB 63.55 67.66 63.02  65.09    2.40     2.57  1.54     0.53  25046200
2025-03-16    VCB 65.09 66.87 65.09  65.09    0.00     1.78  0.00     0.00  15661200
2025-03-23    VCB 65.39 65.68 63.91  63.91   -1.18     0.29 -1.48     0.00   8065200
2025-03-30    VCB 63.81 65.09 55.43  59.18   -4.73     1.28 -4.63     3.75  27511600
2025-04-06    VCB 58.98 59.08 51.29  58.98   -0.20     0.10  0.00     7.69  24410900
2025-04-13    VCB 59.18 60.06 57.30  57.30   -1.68     0.88 -1.88     0.00  17195600
2025-04-20    VCB 57.70 58.58 53.95  56.71   -0.59     0.88 -0.99     2.76  12613100
2025-04-27    VCB 56.91 57.70 56.51  56.51   -0.20     0.79 -0.40     0.00   4086800
2025-05-04    VCB 56.71 57.20 55.82  55.82   -0.69     0.49 -0.89     0.00  16359500
2025-05-11    VCB 56.22 58.98 55.43  56.71    0.89     2.27  0.49     0.79  37834700
2025-05-18    VCB 56.61 57.10 55.92  56.02   -0.69     0.49 -0.59     0.10  21054000
2025-05-25    VCB 56.12 56.81 55.23  55.62   -0.40     0.69 -0.50     0.39  23065900
2025-06-01    VCB 55.72 56.22 55.33  55.33   -0.29     0.50 -0.39     0.00  14595200
2025-06-08    VCB 55.43 56.32 54.84  55.43    0.10     0.89  0.00     0.59  14676800
2025-06-15    VCB 55.43 56.71 55.43  56.32    0.89     0.39  0.89     0.00  22172700
2025-06-22    VCB 55.92 56.51 55.62  55.92   -0.40     0.59  0.00     0.30  15653500
2025-06-29    VCB 56.22 57.99 56.12  57.60    1.68     0.39  1.38     0.10  28160400
2025-07-06    VCB 57.70 62.23 57.40  61.84    4.24     0.39  4.14     0.30  55755200
2025-07-13    VCB 62.04 62.04 60.16  61.05   -0.79     0.00 -0.99     0.89  37301600
2025-07-20    VCB 61.35 62.63 60.06  61.15    0.10     1.28 -0.20     1.09  29816700
2025-07-27    VCB 61.35 62.33 58.88  59.37   -1.78     0.98 -1.98     0.49  39169800
2025-08-03    VCB 59.28 62.82 59.18  61.05    1.68     1.77  1.77     0.10  47908400
2025-08-10    VCB 61.25 66.57 61.15  63.42    2.37     3.15  2.17     0.10  62586000
2025-08-17    VCB 63.91 66.28 61.35  63.71    0.29     2.37 -0.20     2.36  56609900
2025-08-24    VCB 64.90 69.63 62.04  67.66    3.95     1.97  2.76     2.86  70282800
2025-08-31    VCB 67.86 68.64 65.98  66.57   -1.09     0.78 -1.29     0.59  34206800
2025-09-07    VCB 66.18 66.57 63.32  64.90   -1.67     0.39 -1.28     1.58  34491800
2025-09-14    VCB 65.09 65.68 62.14  62.14   -2.76     0.59 -2.95     0.00  33476100
2025-09-21    VCB 62.14 62.53 60.95  62.14    0.00     0.39  0.00     1.19  21060500
2025-09-28    VCB 62.04 62.23 60.95  61.25   -0.89     0.19 -0.79     0.30  16387600
2025-10-05    VCB 62.34 64.72 62.34  63.73    2.48     0.99  1.39     0.00  30524600
2025-10-12    VCB 62.94 63.53 61.35  61.45   -2.28     0.59 -1.49     0.10  30260500
2025-10-19    VCB 61.35 61.74 58.07  59.06   -2.39     0.39 -2.29     0.99  33796900
2025-10-26    VCB 59.56 60.75 58.67  59.16    0.10     1.19 -0.40     0.49  13210100
2025-11-02    VCB 59.56 60.85 58.57  58.86   -0.30     1.29 -0.70     0.29  16761700
2025-11-09    VCB 58.96 59.96 58.37  59.56    0.70     0.40  0.60     0.59  11053200
2025-11-16    VCB 59.56 59.96 58.27  58.57   -0.99     0.40 -0.99     0.30  12352400
2025-11-23    VCB 58.57 58.86 56.98  56.98   -1.59     0.29 -1.59     0.00  16799600
2025-11-30    VCB 57.18 58.96 56.78  57.87    0.89     1.09  0.69     0.40  18699500
2025-12-07    VCB 57.77 58.27 56.38  56.38   -1.49     0.50 -1.39     0.00  16337800
2025-12-14    VCB 56.38 57.08 55.59  57.08    0.70     0.00  0.70     0.79  19222400
2025-12-21    VCB 57.28 57.67 56.18  56.68   -0.40     0.39 -0.60     0.50  17811200
2025-12-28    VCB 56.98 57.67 56.68  57.08    0.40     0.59  0.10     0.30   7588500
2026-01-04    VCB 57.08 67.50 56.18  67.50   10.42     0.00 10.42     0.90  80269300
2026-01-11    VCB 69.39 78.22 69.09  72.46    4.96     5.76  3.07     0.30 108038600
2026-01-18    VCB 72.46 75.34 68.00  68.10   -4.36     2.88 -4.36     0.10  73264800
2026-01-25    VCB 68.39 72.36 67.60  69.98    1.88     2.38  1.59     0.79  52255100
2026-02-01    VCB 69.98 72.76 64.42  64.62   -5.36     2.78 -5.36     0.20  70791500
2026-02-08    VCB 65.02 66.11 62.14  63.93   -0.69     1.09 -1.09     1.79  47143000
2026-02-22    VCB 64.52 66.21 64.13  64.42    0.49     1.69 -0.10     0.29  46232600
2026-03-01    VCB 62.44 63.43 60.95  61.15   -3.27     0.99 -1.29     0.20  54831100
2026-03-08    VCB 56.98 60.75 56.88  58.57   -2.58     2.18  1.59     0.10  61583800
2026-03-15    VCB 58.86 61.54 57.57  57.57   -1.00     2.68 -1.29     0.00  33866600
2026-03-22    VCB 57.38 58.67 56.08  58.37    0.80     0.30  0.99     1.30  34892800
2026-03-29    VCB 57.48 58.77 57.28  57.28   -1.09     1.29 -0.20     0.00  30865900
2026-04-05    VCB 57.38 60.55 57.28  59.36    2.08     1.19  1.98     0.10  35808600
2026-04-12    VCB 59.06 60.06 58.57  59.06   -0.30     1.00  0.00     0.49  27988700
2026-04-19    VCB 59.16 63.03 58.77  60.16    1.10     2.87  1.00     0.39  62915400
2026-04-26    VCB 60.35 61.05 59.06  59.36   -0.80     0.70 -0.99     0.30  14027400
2026-05-03    VCB 60.06 61.25 59.26  60.26    0.90     0.99  0.20     0.80  35747000
2026-05-10    VCB 60.55 61.25 58.77  60.26    0.00     0.70 -0.29     1.49  34811100
2026-05-17    VCB 60.26 65.71 59.86  63.03    2.77     2.68  2.77     0.40  85716700
2026-05-24    VCB 62.74 64.03 61.35  61.54   -1.49     1.29 -1.20     0.19  26012200
2026-05-31    VCB 61.84 62.34 60.95  61.25   -0.29     0.50 -0.59     0.30  20341300
2026-06-07    VCB 60.75 61.74 60.45  61.15   -0.10     0.59  0.40     0.30  17967100
2026-06-14    VCB 61.84 61.94 60.75  61.25    0.10     0.10 -0.59     0.50  24677500
2026-06-21    VCB 61.25 62.14 60.35  60.95   -0.30     0.89 -0.30     0.60  16842600
2026-06-28    VCB 61.15 62.64 60.95  61.54    0.59     1.10  0.39     0.20  19683400
2026-07-05    VCB 61.54 62.04 60.06  60.06   -1.48     0.50 -1.48     0.00  13997500
2026-07-12    VCB 60.06 60.06 57.97  58.07   -1.99     0.00 -1.99     0.10  17591300
2026-07-19    VCB 58.37 58.37 52.60  54.10   -3.97     0.00 -4.27     1.50  31062700
2026-07-26    VCB 54.50 60.40 53.30  59.30    5.20     1.10  4.80     1.20  31003000
2026-08-02    VCB 59.60 61.00 58.50  59.70    0.40     1.30  0.10     1.10  25883700
2026-08-09    VCB 60.30 60.80 58.50  58.50   -1.20     0.50 -1.80     0.00  18549500
2026-08-16    VCB 58.30 59.10 57.20  59.10    0.60     0.00  0.80     1.10  17105700
2026-08-23    VCB 60.20 61.40 59.20  60.10    1.00     1.20 -0.10     0.90  25819300
2026-08-30    VCB 59.60 59.80 58.60  58.90   -1.20     0.20 -0.70     0.30  12775400
2026-09-06    VCB 59.00 59.40 57.90  58.20   -0.70     0.40 -0.80     0.30  20384600
2026-09-13    VCB 58.20 61.00 58.00  59.90    1.70     1.10  1.70     0.20  33005300
2026-09-20    VCB 60.20 60.20 58.70  59.00   -0.90     0.00 -1.20     0.30  10064900

==================================================
      HOÀN THÀNH PHÂN TÍCH
==================================================
