
  ╭──────────────────────────────────────────────────────────╮
  │  ⚠️  VNSTOCK DEPRECATION NOTICE (31/08/2025)             │
  │                                                          │
  │  Lớp Vnstock và các phương thức cũ (stock, fx, crypto,   │
  │  world_index, fund...) đã chính thức bị ngừng hỗ trợ.    │
  │                                                          │
  │  Để hệ thống ổn định và nhận được cập nhật mới nhất,     │
  │  vui lòng chuyển sang dùng bộ thư viện `vnstock.api`.    │
  │                                                          │
  │  👉 Xem hướng dẫn Migration: /vnstock-migration          │
  ╰──────────────────────────────────────────────────────────╯

Mẫu code chuyển đổi (Migration Example):
--------------------------------------
Cũ (Old):  stock = Vnstock().stock('ACB')
Mới (New): from vnstock.api.quote import Quote
          q = Quote(symbol='ACB', source='VCI')

==================================================
      VNSTOCK 4.x OPTIMIZED ANALYZER
      Danh sách: VCB
      Khung: 1W, Số lượng: 200
==================================================

==================================================
      PHÂN TÍCH MÃ: VCB  
      Khung thời gian: 1W
==================================================
┏━━━━━━━━━━━━━━━━━━━━━━━━━━━━━━━━━━━━━━━━━━━━━━━━━━━━━━━━━━━━━━━━━━━━━━━━━━━━━━━━━┓
┃                                                                                 ┃
┃  ⚠️ THÔNG BÁO QUAN TRỌNG                                                        ┃
┃                                                                                 ┃
┃  Phát hành vnstock 4.0.1 cung cấp sửa lỗi quan trọng và bổ sung giao diện API   ┃
┃  thống nhất (Unified UI), tăng tính ổn định của code.                           ┃
┃  Cập nhật: pip install vnstock -U                                               ┃
┃  AI Agent Guide: https://github.com/vnstock-hq/vnstock-agent-guide/             ┃
┃                                                                                 ┃
┃  ────────────────────────────────────────────────────────────────────────────── ┃
┃                                                                                 ┃
┃  🚀 VNSTOCK INSIDERS PROGRAM - NÂNG TẦM TRẢI NGHIỆM CỦA BẠN! 🚀                 ┃
┃                                                                                 ┃
┃  Nếu bạn cảm thấy khó chịu với các thông báo và quảng cáo:                      ┃
┃                                                                                 ┃
┃  ✨ Ẩn toàn bộ thông báo và quảng cáo phiền hà                                  ┃
┃  🔓 Mở rộng khả năng sử dụng API tối đa                                         ┃
┃  ⚡ Tăng tốc tải dữ liệu từ 5-8 lần                                              ┃
┃  📈 Tăng giới hạn truy cập API lên đến 5 lần                                    ┃
┃  🤖 Dùng AI Agent viết code hiệu quả với tài liệu Agent Guide                    ┃
┃                                                                                 ┃
┃  🔗 Tham gia ngay: https://vnstocks.com/insiders-program#tiers                  ┃
┃                                                                                 ┃
┗━━━━━━━━━━━━━━━━━━━━━━━━━━━━━━━━━━━━━━━━━━━━━━━━━━━━━━━━━━━━━━━━━━━━━━━━━━━━━━━━━┛

--- [ LỊCH SỬ GIÁ VCB  ] ---
           time  open  high   low  close  change  pct_change     volume
0    2022-09-04 47.25 47.42 43.88  44.33   -2.92       -6.18    6971900
1    2022-09-11 44.78 45.00 43.31  45.00    0.67        1.51    5105600
2    2022-09-18 44.44 45.11 42.64  42.69   -2.31       -5.13    4176000
3    2022-09-25 42.24 43.31 40.73  41.18   -1.51       -3.54    4347200
4    2022-10-02 41.34 41.51 36.73  37.52   -3.66       -8.89    5876000
5    2022-10-09 37.41 38.53 34.88  38.31    0.79        2.11    7192200
6    2022-10-16 37.86 39.77 36.84  38.25   -0.06       -0.16    5554700
7    2022-10-23 39.09 41.91 37.01  40.28    2.03        5.31    5655800
8    2022-10-30 41.34 42.19 38.76  40.39    0.11        0.27    5005200
9    2022-11-06 40.39 42.47 39.99  42.47    2.08        5.15    6379400
10   2022-11-13 42.47 43.88 39.54  43.03    0.56        1.32    8678600
11   2022-11-20 43.03 43.03 40.73  41.12   -1.91       -4.44    6594200
12   2022-11-27 41.91 47.81 41.51  47.81    6.69       16.27    6792100
13   2022-12-04 47.31 48.94 43.31  43.48   -4.33       -9.06    8221600
14   2022-12-11 44.33 46.63 43.54  44.83    1.35        3.10    9830200
15   2022-12-18 45.00 46.13 44.27  44.49   -0.34       -0.76    5296600
16   2022-12-25 44.55 46.74 44.38  45.00    0.51        1.15    6183400
17   2023-01-01 45.11 47.70 45.11  47.25    2.25        5.00    4131800
18   2023-01-08 48.26 50.57 47.14  48.26    1.01        2.14    7463600
19   2023-01-15 48.38 54.00 48.38  52.31    4.05        8.39    3930600
20   2023-01-22 52.31 53.21 51.47  52.31    0.00        0.00    1552000
21   2023-01-29 51.81 52.31 49.39  52.31    0.00        0.00    5507100
22   2023-02-05 52.09 54.17 51.47  53.16    0.85        1.62    4638500
23   2023-02-12 53.33 53.66 51.30  52.31   -0.85       -1.60    4610600
24   2023-02-19 52.31 53.38 50.63  52.59    0.28        0.54    4453100
25   2023-02-26 52.31 52.76 51.13  51.13   -1.46       -2.78    3579800
26   2023-03-05 51.19 52.54 51.02  51.81    0.68        1.33    4360000
27   2023-03-12 51.75 51.75 50.06  50.06   -1.75       -3.38    5508900
28   2023-03-19 50.06 51.19 47.87  50.06    0.00        0.00    4626700
29   2023-03-26 50.06 52.43 49.50  51.41    1.35        2.70    3359000
30   2023-04-02 51.58 52.26 50.34  50.63   -0.78       -1.52    2466100
31   2023-04-09 50.63 50.63 49.39  49.73   -0.90       -1.78    2815100
32   2023-04-16 49.73 49.95 49.16  49.22   -0.51       -1.03    2215200
33   2023-04-23 49.50 50.91 48.94  50.91    1.69        3.43    3046900
34   2023-04-30 50.63 50.63 49.61  50.51   -0.40       -0.79     721700
35   2023-05-07 50.63 52.82 50.51  52.20    1.69        3.35    3697100
36   2023-05-14 51.75 54.00 51.30  52.99    0.79        1.51    3807700
37   2023-05-21 52.31 52.88 51.41  51.75   -1.24       -2.34    2423600
38   2023-05-28 51.75 53.44 51.75  53.38    1.63        3.15    2919200
39   2023-06-04 53.55 57.38 53.55  56.53    3.15        5.90    4966500
40   2023-06-11 56.19 59.85 55.18  59.06    2.53        4.48    4358500
41   2023-06-18 58.28 58.56 55.97  56.19   -2.87       -4.86    5531100
42   2023-06-25 55.74 57.94 55.74  56.25    0.06        0.11    3511500
43   2023-07-02 56.25 59.06 56.14  59.06    2.81        5.00    4212500
44   2023-07-09 59.01 59.06 57.26  59.06    0.00        0.00    4271500
45   2023-07-16 59.06 60.24 58.28  59.06    0.00        0.00    3742800
46   2023-07-23 59.12 62.22 58.78  61.76    2.70        4.57    6403800
47   2023-07-30 61.76 61.89 59.83  59.83   -1.93       -3.12    5875200
48   2023-08-06 59.83 60.56 58.77  60.03    0.20        0.33    4783600
49   2023-08-13 59.97 59.97 58.77  59.44   -0.59       -0.98    7923100
50   2023-08-20 59.57 59.90 57.11  57.24   -2.20       -3.70    7598100
51   2023-08-27 57.38 59.50 57.24  59.17    1.93        3.37    5651400
52   2023-09-03 59.17 60.30 59.17  59.44    0.27        0.46    7067000
53   2023-09-10 59.50 59.77 58.44  59.63    0.19        0.32    8458600
54   2023-09-17 59.44 59.57 57.11  59.30   -0.33       -0.55    6096800
55   2023-09-24 59.10 59.44 57.51  58.11   -1.19       -2.01    6592900
56   2023-10-01 57.84 57.91 55.45  56.71   -1.40       -2.41    4263000
57   2023-10-08 56.71 57.71 55.78  57.51    0.80        1.41    3926800
58   2023-10-15 56.85 57.51 54.92  56.31   -1.20       -2.09    4145100
59   2023-10-22 56.12 57.44 54.79  56.45    0.14        0.25    4814400
60   2023-10-29 55.45 59.37 55.45  59.04    2.59        4.59    5561400
61   2023-11-05 59.04 59.63 57.11  57.11   -1.93       -3.27    4977800
62   2023-11-12 57.11 58.44 56.71  56.85   -0.26       -0.46    8865800
63   2023-11-19 56.85 57.78 56.45  57.11    0.26        0.46    4644200
64   2023-11-26 57.11 57.11 55.85  56.45   -0.66       -1.16    3597800
65   2023-12-03 56.71 57.24 56.31  56.45    0.00        0.00    4694200
66   2023-12-10 56.45 56.65 54.59  54.59   -1.86       -3.29    6930200
67   2023-12-17 54.99 55.05 53.19  53.72   -0.87       -1.59    9247700
68   2023-12-24 53.72 55.72 53.33  53.33   -0.39       -0.73    5497300
69   2023-12-31 55.05 57.24 54.59  57.24    3.91        7.33    6997000
70   2024-01-07 57.31 59.77 57.31  58.90    1.66        2.90    8728200
71   2024-01-14 59.10 61.76 59.04  61.49    2.59        4.40    7755100
72   2024-01-21 62.09 62.09 60.03  61.10   -0.39       -0.63    4504300
73   2024-01-28 60.96 61.10 58.44  59.97   -1.13       -1.85    3895800
74   2024-02-04 59.90 60.30 59.17  59.77   -0.20       -0.33    4672700
75   2024-02-11 59.77 60.23 59.17  59.50   -0.27       -0.45    1780800
76   2024-02-18 59.70 60.90 59.04  59.04   -0.46       -0.77    6841800
77   2024-02-25 59.04 66.74 59.04  64.62    5.58        9.45   10823400
78   2024-03-03 65.08 65.08 63.15  63.15   -1.47       -2.27    9667700
79   2024-03-10 63.15 64.08 62.36  62.42   -0.73       -1.16   10693300
80   2024-03-17 62.62 64.28 61.43  64.02    1.60        2.56    6902300
81   2024-03-24 63.09 64.35 62.49  63.02   -1.00       -1.56    5184400
82   2024-03-31 63.02 63.75 62.29  63.02    0.00        0.00    6313000
83   2024-04-07 63.02 63.42 62.09  62.82   -0.20       -0.32    3911100
84   2024-04-14 62.82 64.08 59.44  60.10   -2.72       -4.33    6535400
85   2024-04-21 60.10 61.96 59.24  60.56    0.46        0.77    7421200
86   2024-04-28 61.16 62.03 60.50  61.43    0.87        1.44    2403100
87   2024-05-05 61.69 62.49 60.90  61.10   -0.33       -0.54    4977400
88   2024-05-12 61.16 61.56 60.10  60.96   -0.14       -0.23    5732700
89   2024-05-19 61.29 61.76 59.77  59.90   -1.06       -1.74    7436900
90   2024-05-26 60.03 60.43 57.91  57.91   -1.99       -3.32    9872400
91   2024-06-02 58.44 59.57 58.44  58.77    0.86        1.49    8635200
92   2024-06-09 59.04 59.24 57.78  58.11   -0.66       -1.12   11226300
93   2024-06-16 58.17 58.77 56.78  57.11   -1.00       -1.72   10296100
94   2024-06-23 57.11 58.04 56.45  56.58   -0.53       -0.93    7958000
95   2024-06-30 56.98 59.57 56.58  58.44    1.86        3.29   10762800
96   2024-07-07 58.44 59.24 57.58  58.17   -0.27       -0.46    7234200
97   2024-07-14 58.17 59.77 58.11  58.11   -0.06       -0.10    9043400
98   2024-07-21 58.11 58.64 57.91  57.97   -0.14       -0.24    6132500
99   2024-07-28 58.17 60.70 57.97  58.90    0.93        1.60    9606000
100  2024-08-04 58.77 58.77 57.58  58.24   -0.66       -1.12    7523700
101  2024-08-11 58.70 59.44 57.97  58.51    0.27        0.46    6437400
102  2024-08-18 58.97 61.89 58.64  61.36    2.85        4.87   10273800
103  2024-08-25 61.16 61.49 60.37  60.90   -0.46       -0.75    6664100
104  2024-09-01 60.50 60.50 59.63  59.90   -1.00       -1.64    2981600
105  2024-09-08 59.83 59.90 58.44  59.70   -0.20       -0.33    6156700
106  2024-09-15 59.50 61.10 58.84  60.17    0.47        0.79    6945600
107  2024-09-22 60.63 62.29 60.37  61.43    1.26        2.09    6709000
108  2024-09-29 61.43 62.36 60.96  61.29   -0.14       -0.23    6939100
109  2024-10-06 61.29 61.76 60.37  60.76   -0.53       -0.86    6318200
110  2024-10-13 61.23 61.83 60.63  61.36    0.60        0.99    6102400
111  2024-10-20 61.43 61.96 60.56  60.96   -0.40       -0.65    5183600
112  2024-10-27 60.76 63.09 60.76  62.09    1.13        1.85    7648700
113  2024-11-03 62.42 63.29 61.10  61.23   -0.86       -1.39    7152000
114  2024-11-10 61.63 61.89 60.83  60.90   -0.33       -0.54    7769800
115  2024-11-17 60.90 61.29 59.70  60.17   -0.73       -1.20    8283400
116  2024-11-24 60.37 62.09 60.37  61.96    1.79        2.97    6921500
117  2024-12-01 63.02 63.29 61.43  62.56    0.60        0.97    9256400
118  2024-12-08 62.56 63.29 61.69  61.83   -0.73       -1.17    6379100
119  2024-12-15 61.76 61.96 61.23  61.43   -0.40       -0.65    5815800
120  2024-12-22 61.49 62.29 61.10  61.23   -0.20       -0.33    7402000
121  2024-12-29 61.23 61.43 60.56  61.10   -0.13       -0.21    7113400
122  2025-01-05 61.10 62.03 60.70  60.70   -0.40       -0.65    6092000
123  2025-01-12 60.63 61.89 60.50  61.43    0.73        1.20    5643000
124  2025-01-19 61.29 61.76 60.56  61.49    0.06        0.10    6634600
125  2025-02-02 61.29 62.03 60.83  61.76    0.27        0.44    7249300
126  2025-02-09 61.69 61.69 60.70  60.83   -0.93       -1.51    6201700
127  2025-02-16 60.76 61.83 60.63  61.83    1.00        1.64    7512100
128  2025-02-23 61.96 63.35 61.23  61.96    0.13        0.21   11751400
129  2025-03-02 62.09 63.29 61.56  63.15    1.19        1.92   11927200
130  2025-03-09 64.02 68.16 63.49  65.57    2.42        3.83   25046200
131  2025-03-16 65.57 67.36 65.57  65.57    0.00        0.00   15661200
132  2025-03-23 65.87 66.17 64.38  64.38   -1.19       -1.81    8065200
133  2025-03-30 64.28 65.57 55.84  59.61   -4.77       -7.41   27511600
134  2025-04-06 59.41 59.51 51.67  59.41   -0.20       -0.34   24410900
135  2025-04-13 59.61 60.51 57.73  57.73   -1.68       -2.83   17195600
136  2025-04-20 58.12 59.02 54.35  57.13   -0.60       -1.04   12613100
137  2025-04-27 57.33 58.12 56.93  56.93   -0.20       -0.35    4086800
138  2025-05-04 57.13 57.63 56.24  56.24   -0.69       -1.21   16359500
139  2025-05-11 56.63 59.41 55.84  57.13    0.89        1.58   37834700
140  2025-05-18 57.03 57.53 56.33  56.43   -0.70       -1.23   21054000
141  2025-05-25 56.53 57.23 55.64  56.04   -0.39       -0.69   23065900
142  2025-06-01 56.14 56.63 55.74  55.74   -0.30       -0.54   14595200
143  2025-06-08 55.84 56.73 55.24  55.84    0.10        0.18   14676800
144  2025-06-15 55.84 57.13 55.84  56.73    0.89        1.59   22172700
145  2025-06-22 56.33 56.93 56.04  56.33   -0.40       -0.71   15653500
146  2025-06-29 56.63 58.42 56.53  58.02    1.69        3.00   28160400
147  2025-07-06 58.12 62.69 57.83  62.30    4.28        7.38   55755200
148  2025-07-13 62.49 62.49 60.61  61.50   -0.80       -1.28   37301600
149  2025-07-20 61.80 63.09 60.51  61.60    0.10        0.16   29816700
150  2025-07-27 61.80 62.79 59.32  59.81   -1.79       -2.91   39169800
151  2025-08-03 59.71 63.29 59.61  61.50    1.69        2.83   47908400
152  2025-08-10 61.70 67.07 61.60  63.89    2.39        3.89   62586000
153  2025-08-17 64.38 66.77 61.80  64.18    0.29        0.45   56609900
154  2025-08-24 65.38 70.15 62.49  68.16    3.98        6.20   70282800
155  2025-08-31 68.36 69.15 66.47  67.07   -1.09       -1.60   34206800
156  2025-09-07 66.67 67.07 63.79  65.38   -1.69       -2.52   34491800
157  2025-09-14 65.57 66.17 62.59  62.59   -2.79       -4.27   33476100
158  2025-09-21 62.59 62.99 61.40  62.59    0.00        0.00   21060500
159  2025-09-28 62.49 62.69 61.40  61.70   -0.89       -1.42   16387600
160  2025-10-05 62.80 65.20 62.80  64.20    2.50        4.05   30524600
161  2025-10-12 63.40 64.00 61.80  61.90   -2.30       -3.58   30260500
162  2025-10-19 61.80 62.20 58.50  59.50   -2.40       -3.88   33796900
163  2025-10-26 60.00 61.20 59.10  59.60    0.10        0.17   13210100
164  2025-11-02 60.00 61.30 59.00  59.30   -0.30       -0.50   16761700
165  2025-11-09 59.40 60.40 58.80  60.00    0.70        1.18   11053200
166  2025-11-16 60.00 60.40 58.70  59.00   -1.00       -1.67   12352400
167  2025-11-23 59.00 59.30 57.40  57.40   -1.60       -2.71   16799600
168  2025-11-30 57.60 59.40 57.20  58.30    0.90        1.57   18699500
169  2025-12-07 58.20 58.70 56.80  56.80   -1.50       -2.57   16337800
170  2025-12-14 56.80 57.50 56.00  57.50    0.70        1.23   19222400
171  2025-12-21 57.70 58.10 56.60  57.10   -0.40       -0.70   17811200
172  2025-12-28 57.40 58.10 57.10  57.50    0.40        0.70    7588500
173  2026-01-04 57.50 68.00 56.60  68.00   10.50       18.26   80269300
174  2026-01-11 69.90 78.80 69.60  73.00    5.00        7.35  108038600
175  2026-01-18 73.00 75.90 68.50  68.60   -4.40       -6.03   73264800
176  2026-01-25 68.90 72.90 68.10  70.50    1.90        2.77   52255100
177  2026-02-01 70.50 73.30 64.90  65.10   -5.40       -7.66   70791500
178  2026-02-08 65.50 66.60 62.60  64.40   -0.70       -1.08   47143000
179  2026-02-22 65.00 66.70 64.60  64.90    0.50        0.78   46232600
180  2026-03-01 62.90 63.90 61.40  61.60   -3.30       -5.08   54831100
181  2026-03-08 57.40 61.20 57.30  59.00   -2.60       -4.22   61583800
182  2026-03-15 59.30 62.00 58.00  58.00   -1.00       -1.69   33866600
183  2026-03-22 57.80 59.10 56.50  58.80    0.80        1.38   34892800
184  2026-03-29 57.90 59.20 57.70  57.70   -1.10       -1.87   30865900
185  2026-04-05 57.80 61.00 57.70  59.80    2.10        3.64   35808600
186  2026-04-12 59.50 60.50 59.00  59.50   -0.30       -0.50   27988700
187  2026-04-19 59.60 63.50 59.20  60.60    1.10        1.85   62915400
188  2026-04-26 60.80 61.50 59.50  59.80   -0.80       -1.32   14027400
189  2026-05-03 60.50 61.70 59.70  60.70    0.90        1.51   35747000
190  2026-05-10 61.00 61.70 59.20  60.70    0.00        0.00   34811100
191  2026-05-17 60.70 66.20 60.30  63.50    2.80        4.61   85716700
192  2026-05-24 63.20 64.50 61.80  62.00   -1.50       -2.36   26012200
193  2026-05-31 62.30 62.80 61.40  61.70   -0.30       -0.48   20341300
194  2026-06-07 61.20 62.20 60.90  61.60   -0.10       -0.16   17967100
195  2026-06-14 62.30 62.40 61.20  61.70    0.10        0.16   24677500
196  2026-06-21 61.70 62.60 60.80  61.40   -0.30       -0.49   16842600
197  2026-06-28 61.60 63.10 61.40  62.00    0.60        0.98   19683400
198  2026-07-05 62.00 62.50 60.50  60.50   -1.50       -2.42   13997500
199  2026-07-12 60.50 60.50 59.70  59.80   -0.70       -1.16     740000

==================================================
      HOÀN THÀNH PHÂN TÍCH          
==================================================
