
  ╭──────────────────────────────────────────────────────────╮
  │  ⚠️  VNSTOCK DEPRECATION NOTICE (31/08/2025)             │
  │                                                          │
  │  Lớp Vnstock và các phương thức cũ (stock, fx, crypto,   │
  │  world_index, fund...) đã chính thức bị ngừng hỗ trợ.    │
  │                                                          │
  │  Để hệ thống ổn định và nhận được cập nhật mới nhất,     │
  │  vui lòng chuyển sang dùng bộ thư viện `vnstock.api`.    │
  │                                                          │
  │  👉 Xem hướng dẫn Migration: /vnstock-migration          │
  ╰──────────────────────────────────────────────────────────╯

Mẫu code chuyển đổi (Migration Example):
--------------------------------------
Cũ (Old):  stock = Vnstock().stock('ACB')
Mới (New): from vnstock.api.quote import Quote
          q = Quote(symbol='ACB', source='VCI')

==================================================
      VNSTOCK 4.x OPTIMIZED ANALYZER
      Danh sách: VCB
      Khung: 1D, Số lượng: 200
==================================================

==================================================
      PHÂN TÍCH MÃ: VCB  
      Khung thời gian: 1D
==================================================
┏━━━━━━━━━━━━━━━━━━━━━━━━━━━━━━━━━━━━━━━━━━━━━━━━━━━━━━━━━━━━━━━━━━━━━━━━━━━━━━━━━┓
┃                                                                                 ┃
┃  ⚠️ THÔNG BÁO QUAN TRỌNG                                                        ┃
┃                                                                                 ┃
┃  Phát hành vnstock 4.0.1 cung cấp sửa lỗi quan trọng và bổ sung giao diện API   ┃
┃  thống nhất (Unified UI), tăng tính ổn định của code.                           ┃
┃  Cập nhật: pip install vnstock -U                                               ┃
┃  AI Agent Guide: https://github.com/vnstock-hq/vnstock-agent-guide/             ┃
┃                                                                                 ┃
┃  ────────────────────────────────────────────────────────────────────────────── ┃
┃                                                                                 ┃
┃  🚀 VNSTOCK INSIDERS PROGRAM - NÂNG TẦM TRẢI NGHIỆM CỦA BẠN! 🚀                 ┃
┃                                                                                 ┃
┃  Nếu bạn cảm thấy khó chịu với các thông báo và quảng cáo:                      ┃
┃                                                                                 ┃
┃  ✨ Ẩn toàn bộ thông báo và quảng cáo phiền hà                                  ┃
┃  🔓 Mở rộng khả năng sử dụng API tối đa                                         ┃
┃  ⚡ Tăng tốc tải dữ liệu từ 5-8 lần                                              ┃
┃  📈 Tăng giới hạn truy cập API lên đến 5 lần                                    ┃
┃  🤖 Dùng AI Agent viết code hiệu quả với tài liệu Agent Guide                    ┃
┃                                                                                 ┃
┃  🔗 Tham gia ngay: https://vnstocks.com/insiders-program#tiers                  ┃
┃                                                                                 ┃
┗━━━━━━━━━━━━━━━━━━━━━━━━━━━━━━━━━━━━━━━━━━━━━━━━━━━━━━━━━━━━━━━━━━━━━━━━━━━━━━━━━┛

--- [ LỊCH SỬ GIÁ VCB  ] ---
           time  open  high   low  close  change  pct_change    volume
0    2025-08-29 68.75 69.65 68.06  68.16   -0.40       -0.58  14696100
1    2025-09-03 68.36 68.36 66.57  66.57   -1.59       -2.33  14216900
2    2025-09-04 67.07 68.56 66.47  68.46    1.89        2.84   8942100
3    2025-09-05 69.05 69.15 67.07  67.07   -1.39       -2.03  11047800
4    2025-09-08 66.67 67.07 64.88  64.88   -2.19       -3.27  11249800
5    2025-09-09 65.08 65.77 64.08  64.48   -0.40       -0.62   6192300
6    2025-09-10 65.18 65.57 64.38  65.38    0.90        1.40   5006400
7    2025-09-11 65.18 65.57 63.79  65.28   -0.10       -0.15   6349100
8    2025-09-12 65.77 65.77 64.58  65.38    0.10        0.15   5694200
9    2025-09-15 65.57 65.57 65.08  65.38    0.00        0.00   5367400
10   2025-09-16 65.57 66.17 65.18  65.18   -0.20       -0.31   6765400
11   2025-09-17 65.08 65.38 64.38  64.38   -0.80       -1.23   5627200
12   2025-09-18 64.48 64.48 63.19  63.49   -0.89       -1.38   8783400
13   2025-09-19 63.79 64.08 62.59  62.59   -0.90       -1.42   6932700
14   2025-09-22 62.59 62.79 61.40  61.60   -0.99       -1.58   6061300
15   2025-09-23 62.00 62.69 61.80  61.80    0.20        0.32   3267800
16   2025-09-24 62.00 62.30 61.40  62.30    0.50        0.81   3879200
17   2025-09-25 62.89 62.99 62.30  62.59    0.29        0.47   3870300
18   2025-09-26 62.79 62.99 62.49  62.59    0.00        0.00   3981900
19   2025-09-29 62.49 62.49 62.00  62.20   -0.39       -0.62   2782900
20   2025-09-30 62.40 62.49 61.40  61.60   -0.60       -0.96   4104100
21   2025-10-01 62.30 62.30 61.60  62.00    0.40        0.65   3022000
22   2025-10-02 62.00 62.69 61.70  61.70   -0.30       -0.48   3657500
23   2025-10-03 62.00 62.00 61.40  61.70    0.00        0.00   2821100
24   2025-10-06 62.80 64.00 62.80  64.00    2.30        3.73   7461700
25   2025-10-07 64.10 64.10 63.30  63.70   -0.30       -0.47   4229300
26   2025-10-08 64.20 64.90 63.60  64.60    0.90        1.41   8113800
27   2025-10-09 64.50 65.20 63.80  63.80   -0.80       -1.24   5734200
28   2025-10-10 63.90 64.40 63.60  64.20    0.40        0.63   4985600
29   2025-10-13 63.40 63.80 62.80  63.10   -1.10       -1.71   7992500
30   2025-10-14 63.50 64.00 62.90  63.10    0.00        0.00   7008900
31   2025-10-15 63.10 63.40 62.50  62.50   -0.60       -0.95   5218800
32   2025-10-16 62.70 63.00 62.50  62.90    0.40        0.64   4634400
33   2025-10-17 62.90 62.90 61.80  61.90   -1.00       -1.59   5405900
34   2025-10-20 61.80 62.20 58.60  59.40   -2.50       -4.04  12115600
35   2025-10-21 59.70 60.70 59.30  59.30   -0.10       -0.17   8416700
36   2025-10-22 60.10 60.20 58.50  59.60    0.30        0.51   4664800
37   2025-10-23 58.90 60.30 58.90  59.80    0.20        0.34   4227100
38   2025-10-24 59.80 59.90 58.80  59.50   -0.30       -0.50   4372700
39   2025-10-27 60.00 60.00 59.20  59.20   -0.30       -0.50   2640000
40   2025-10-28 59.20 60.20 59.10  60.00    0.80        1.35   2789700
41   2025-10-29 60.00 61.00 59.80  60.70    0.70        1.17   3716000
42   2025-10-30 61.00 61.20 60.30  60.60   -0.10       -0.16   1946600
43   2025-10-31 60.80 60.80 59.60  59.60   -1.00       -1.65   2117800
44   2025-11-03 60.00 60.30 59.30  59.30   -0.30       -0.50   2800100
45   2025-11-04 59.20 60.40 59.10  60.10    0.80        1.35   2952400
46   2025-11-05 60.00 61.10 59.90  60.80    0.70        1.16   4601700
47   2025-11-06 60.90 61.30 60.20  60.30   -0.50       -0.82   2821200
48   2025-11-07 60.00 60.00 59.00  59.30   -1.00       -1.66   3586300
49   2025-11-10 59.40 59.70 58.80  58.80   -0.50       -0.84   2316500
50   2025-11-11 59.10 59.60 58.80  58.90    0.10        0.17   2540900
51   2025-11-12 59.10 59.70 59.00  59.50    0.60        1.02   2012700
52   2025-11-13 59.50 60.00 59.20  59.80    0.30        0.50   2113500
53   2025-11-14 59.80 60.40 59.40  60.00    0.20        0.33   2069600
54   2025-11-17 60.00 60.40 59.90  60.20    0.20        0.33   1585600
55   2025-11-18 60.40 60.40 59.80  59.90   -0.30       -0.50   2158800
56   2025-11-19 59.90 60.10 59.30  59.40   -0.50       -0.83   2896200
57   2025-11-20 59.60 59.70 59.20  59.40    0.00        0.00   2259400
58   2025-11-21 59.10 59.20 58.70  59.00   -0.40       -0.67   3452400
59   2025-11-24 59.00 59.30 58.70  58.80   -0.20       -0.34   2025600
60   2025-11-25 58.90 59.00 58.20  58.20   -0.60       -1.02   2755000
61   2025-11-26 58.50 58.60 57.80  58.10   -0.10       -0.17   5371200
62   2025-11-27 58.20 58.50 57.90  57.90   -0.20       -0.34   3113500
63   2025-11-28 58.00 58.10 57.40  57.40   -0.50       -0.86   3534300
64   2025-12-01 57.60 58.00 57.50  57.50    0.10        0.17   2824900
65   2025-12-02 57.50 57.80 57.20  57.60    0.10        0.17   3185600
66   2025-12-03 57.80 59.10 57.80  58.90    1.30        2.26   6161200
67   2025-12-04 59.00 59.40 58.70  58.90    0.00        0.00   2923100
68   2025-12-05 59.00 59.20 58.20  58.30   -0.60       -1.02   3604700
69   2025-12-08 58.20 58.30 57.80  57.90   -0.40       -0.69   2141500
70   2025-12-09 57.90 58.70 57.30  58.00    0.10        0.17   4519400
71   2025-12-10 58.30 58.60 57.80  58.20    0.20        0.34   3082500
72   2025-12-11 58.40 58.40 57.60  57.60   -0.60       -1.03   1746700
73   2025-12-12 57.80 57.80 56.80  56.80   -0.80       -1.39   4847700
74   2025-12-15 56.80 57.30 56.70  56.80    0.00        0.00   3203100
75   2025-12-16 56.90 57.40 56.00  56.90    0.10        0.18   6346800
76   2025-12-17 57.00 57.50 56.70  56.70   -0.20       -0.35   2331200
77   2025-12-18 57.20 57.50 56.70  56.80    0.10        0.18   3075800
78   2025-12-19 57.00 57.50 56.70  57.50    0.70        1.23   4265500
79   2025-12-22 57.70 58.00 57.30  57.80    0.30        0.52   2961200
80   2025-12-23 57.80 58.10 57.00  57.20   -0.60       -1.04   3147900
81   2025-12-24 57.30 57.30 56.90  57.00   -0.20       -0.35   4431500
82   2025-12-25 57.00 57.90 57.00  57.10    0.10        0.18   3968100
83   2025-12-26 57.10 57.40 56.60  57.10    0.00        0.00   3302500
84   2025-12-29 57.40 57.50 57.10  57.10    0.00        0.00   2099700
85   2025-12-30 57.30 58.10 57.20  57.30    0.20        0.35   2958000
86   2025-12-31 57.40 57.90 57.30  57.50    0.20        0.35   2530800
87   2026-01-05 57.50 57.60 57.00  57.10   -0.40       -0.70   3591800
88   2026-01-06 57.10 57.50 56.60  57.30    0.20        0.35   4173200
89   2026-01-07 57.60 59.90 57.50  59.60    2.30        4.01  12918300
90   2026-01-08 59.80 63.70 59.70  63.70    4.10        6.88  27104600
91   2026-01-09 65.40 68.00 65.40  68.00    4.30        6.75  32481400
92   2026-01-12 69.90 72.70 69.60  72.70    4.70        6.91  21973100
93   2026-01-13 74.30 76.00 71.80  74.00    1.30        1.79  28198200
94   2026-01-14 73.10 78.80 73.10  76.00    2.00        2.70  21213600
95   2026-01-15 74.00 74.90 71.90  71.90   -4.10       -5.39  23227200
96   2026-01-16 73.00 76.00 72.00  73.00    1.10        1.53  13426500
97   2026-01-19 73.00 73.50 71.60  72.70   -0.30       -0.41   8212000
98   2026-01-20 74.00 75.00 72.10  73.50    0.80        1.10  18491600
99   2026-01-21 72.80 73.60 71.70  72.80   -0.70       -0.95  11179000
100  2026-01-22 73.40 75.90 70.60  71.00   -1.80       -2.47  18577500
101  2026-01-23 71.00 71.00 68.50  68.60   -2.40       -3.38  16804700
102  2026-01-26 68.90 71.10 68.70  69.60    1.00        1.46  10990600
103  2026-01-27 69.70 71.50 68.10  70.60    1.00        1.44   9645200
104  2026-01-28 71.10 72.90 69.40  69.60   -1.00       -1.42  12283200
105  2026-01-29 69.30 70.80 68.60  69.80    0.20        0.29   7855400
106  2026-01-30 70.60 71.90 69.60  70.50    0.70        1.00  11480700
107  2026-02-02 70.50 71.50 69.30  71.50    1.00        1.42  10711000
108  2026-02-03 72.40 73.30 71.30  71.80    0.30        0.42  15094700
109  2026-02-04 72.00 72.00 70.50  70.80   -1.00       -1.39   8726700
110  2026-02-05 70.70 70.80 68.40  68.40   -2.40       -3.39  11688700
111  2026-02-06 67.90 67.90 64.90  65.10   -3.30       -4.82  24570400
112  2026-02-09 65.50 66.00 64.20  65.00   -0.10       -0.15   7308900
113  2026-02-10 64.50 65.50 62.60  63.10   -1.90       -2.92  15811100
114  2026-02-11 64.00 66.60 63.50  64.70    1.60        2.54  11121200
115  2026-02-12 65.50 65.50 64.20  64.20   -0.50       -0.77   7950400
116  2026-02-13 64.70 65.10 64.00  64.40    0.20        0.31   4951400
117  2026-02-23 65.00 66.70 64.60  66.40    2.00        3.11  10104200
118  2026-02-24 66.60 66.60 64.90  65.00   -1.40       -2.11  10246500
119  2026-02-25 65.00 66.50 64.70  65.10    0.10        0.15   9488800
120  2026-02-26 65.20 65.90 65.00  65.40    0.30        0.46   7561900
121  2026-02-27 65.50 66.40 64.80  64.90   -0.50       -0.76   8831200
122  2026-03-02 62.90 63.90 62.90  62.90   -2.00       -3.08  17105000
123  2026-03-03 62.90 63.70 61.40  61.60   -1.30       -2.07  12575400
124  2026-03-04 61.80 63.20 61.70  63.00    1.40        2.27  10259500
125  2026-03-05 63.70 63.70 62.50  62.50   -0.50       -0.79   6037000
126  2026-03-06 62.00 63.20 61.60  61.60   -0.90       -1.44   8854200
127  2026-03-09 57.40 59.70 57.30  57.30   -4.30       -6.98  29396000
128  2026-03-10 59.80 60.90 58.80  60.40    3.10        5.41  11524700
129  2026-03-11 60.50 61.20 60.00  60.40    0.00        0.00   8789200
130  2026-03-12 60.20 60.30 59.50  59.80   -0.60       -0.99   6217000
131  2026-03-13 59.20 60.10 58.90  59.00   -0.80       -1.34   5656900
132  2026-03-16 59.30 59.80 58.60  58.80   -0.20       -0.34   3985900
133  2026-03-17 59.50 60.50 59.40  60.50    1.70        2.89   7148800
134  2026-03-18 60.90 62.00 60.00  60.50    0.00        0.00   8225000
135  2026-03-19 59.70 60.00 59.00  59.80   -0.70       -1.16   6184000
136  2026-03-20 59.80 59.80 58.00  58.00   -1.80       -3.01   8322900
137  2026-03-23 57.80 58.30 56.50  57.60   -0.40       -0.69   9648600
138  2026-03-24 59.00 59.00 58.00  58.20    0.60        1.04   4332300
139  2026-03-25 58.80 59.10 58.00  58.40    0.20        0.34   8558200
140  2026-03-26 58.50 58.60 57.50  57.90   -0.50       -0.86   6217800
141  2026-03-27 58.00 59.00 57.90  58.80    0.90        1.55   6135900
142  2026-03-30 57.90 58.50 57.80  58.00   -0.80       -1.36   5546000
143  2026-03-31 58.20 58.90 58.00  58.10    0.10        0.17   5481100
144  2026-04-01 58.90 59.20 58.50  59.00    0.90        1.55   8254700
145  2026-04-02 58.70 58.80 58.10  58.20   -0.80       -1.36   5664500
146  2026-04-03 58.30 58.50 57.70  57.70   -0.50       -0.86   5919600
147  2026-04-06 57.80 58.20 57.70  58.00    0.30        0.52   4303300
148  2026-04-07 58.00 58.30 57.70  58.00    0.00        0.00   3889100
149  2026-04-08 59.20 60.30 58.80  60.20    2.20        3.79  13743100
150  2026-04-09 60.00 60.10 59.30  59.40   -0.80       -1.33   6217700
151  2026-04-10 59.60 61.00 59.60  59.80    0.40        0.67   7655400
152  2026-04-13 59.50 59.50 59.00  59.20   -0.60       -1.00   5088700
153  2026-04-14 59.70 59.80 59.10  59.30    0.10        0.17   5548100
154  2026-04-15 59.70 60.50 59.60  59.90    0.60        1.01   8919600
155  2026-04-16 60.00 60.10 59.30  59.40   -0.50       -0.83   4174500
156  2026-04-17 59.40 59.90 59.40  59.50    0.10        0.17   4257800
157  2026-04-20 59.60 60.50 59.50  60.10    0.60        1.01   6442900
158  2026-04-21 60.40 60.60 59.60  59.60   -0.50       -0.83   6379000
159  2026-04-22 59.60 59.80 59.20  59.40   -0.20       -0.34   3011000
160  2026-04-23 59.70 63.50 59.60  62.80    3.40        5.72  35200000
161  2026-04-24 63.00 63.00 60.60  60.60   -2.20       -3.50  11882500
162  2026-04-28 60.80 61.50 59.80  59.80   -0.80       -1.32   7596400
163  2026-04-29 59.90 60.50 59.50  59.80    0.00        0.00   6431000
164  2026-05-04 60.50 61.20 60.00  60.70    0.90        1.51   7506200
165  2026-05-05 60.60 60.70 59.70  59.90   -0.80       -1.32   6407700
166  2026-05-06 60.20 60.50 59.70  60.50    0.60        1.00   5807400
167  2026-05-07 60.90 61.10 60.30  60.30   -0.20       -0.33   6055700
168  2026-05-08 60.50 61.70 60.30  60.70    0.40        0.66   9970000
169  2026-05-11 61.00 61.10 60.20  60.30   -0.40       -0.66   5510000
170  2026-05-12 60.30 60.50 59.50  59.90   -0.40       -0.66   6549200
171  2026-05-13 59.70 61.30 59.20  60.10    0.20        0.33   8868000
172  2026-05-14 60.50 61.50 60.00  61.00    0.90        1.50   5612100
173  2026-05-15 61.30 61.70 60.70  60.70   -0.30       -0.49   8271800
174  2026-05-18 60.70 63.50 60.30  63.20    2.50        4.12  18877600
175  2026-05-19 63.40 65.00 62.60  64.40    1.20        1.90  24224800
176  2026-05-20 63.70 64.70 61.80  64.60    0.20        0.31  14381600
177  2026-05-21 64.60 66.20 63.80  64.90    0.30        0.46  20114300
178  2026-05-22 64.90 64.90 63.30  63.50   -1.40       -2.16   8118400
179  2026-05-25 63.20 64.00 62.10  63.70    0.20        0.31   5410300
180  2026-05-26 63.30 64.40 63.30  64.40    0.70        1.10   5623900
181  2026-05-27 64.40 64.50 63.80  64.20   -0.20       -0.31   4185600
182  2026-05-28 64.20 64.20 62.80  62.80   -1.40       -2.18   4972400
183  2026-05-29 63.00 63.00 61.80  62.00   -0.80       -1.27   5820000
184  2026-06-01 62.30 62.80 61.70  62.20    0.20        0.32   2924300
185  2026-06-02 62.30 62.70 61.60  61.60   -0.60       -0.96   5063900
186  2026-06-03 61.70 62.50 61.40  61.90    0.30        0.49   4431300
187  2026-06-04 61.80 62.50 61.70  62.20    0.30        0.48   3910600
188  2026-06-05 62.40 62.50 61.60  61.70   -0.50       -0.80   4011200
189  2026-06-08 61.20 62.10 60.90  61.30   -0.40       -0.65   7352300
190  2026-06-09 61.30 61.70 61.00  61.50    0.20        0.33   2564800
191  2026-06-10 61.60 62.20 61.60  61.70    0.20        0.33   2309200
192  2026-06-11 61.50 61.90 61.30  61.60   -0.10       -0.16   2588500
193  2026-06-12 61.90 62.10 61.60  61.60    0.00        0.00   3152300
194  2026-06-15 62.30 62.40 61.60  61.60    0.00        0.00   5222300
195  2026-06-16 61.80 62.30 61.60  61.80    0.20        0.32   3110000
196  2026-06-17 61.80 62.40 61.60  62.20    0.40        0.65   6825500
197  2026-06-18 62.30 62.40 61.60  61.60   -0.60       -0.96   4650700
198  2026-06-19 61.90 61.90 61.20  61.70    0.10        0.16   4869000
199  2026-06-22 61.70 61.80 61.20  61.20   -0.50       -0.81   2221500

==================================================
      HOÀN THÀNH PHÂN TÍCH          
==================================================
