==================================================
      VNSTOCK 4.x OPTIMIZED ANALYZER
      Danh sách: VCB
      Khung: 1W, Số lượng: 400
==================================================

==================================================
      PHÂN TÍCH MÃ: VCB  
      Khung thời gian: 1W
==================================================
┏━━━━━━━━━━━━━━━━━━━━━━━━━━━━━━━━━━━━━━━━━━━━━━━━━━━━━━━━━━━━━━━━━━━━━━━━━━━━━━━━━┓
┃                                                                                 ┃
┃                                                                                 ┃
┃  🚀 VNSTOCK INSIDERS PROGRAM - NÂNG TẦM TRẢI NGHIỆM CỦA BẠN! 🚀                 ┃
┃                                                                                 ┃
┃  Nếu bạn cảm thấy khó chịu với các thông báo và quảng cáo:                      ┃
┃                                                                                 ┃
┃  ✨ Ẩn toàn bộ thông báo và quảng cáo phiền hà                                  ┃
┃  🔓 Mở rộng khả năng sử dụng API tối đa                                         ┃
┃  ⚡ Tăng tốc tải dữ liệu từ 5-8 lần                                              ┃
┃  📈 Tăng giới hạn truy cập API lên đến 5 lần                                    ┃
┃  🤖 Dùng AI Agent viết code hiệu quả với tài liệu Agent Guide                   ┃
┃                                                                                 ┃
┃  🔗 Tham gia ngay: https://vnstocks.com/insiders-program.                       ┃
┃                                                                                 ┃
┗━━━━━━━━━━━━━━━━━━━━━━━━━━━━━━━━━━━━━━━━━━━━━━━━━━━━━━━━━━━━━━━━━━━━━━━━━━━━━━━━━┛

--- [ LỊCH SỬ GIÁ VCB  ] ---
           time symbol  open  high   low  close  change  wick_up  body  wick_dn     volume
0    2018-11-11    VCB 22.96 23.22 22.32  22.62   -0.47     0.26 -0.34     0.30    3875970
1    2018-11-18    VCB 22.96 23.60 22.54  22.96    0.34     0.64  0.00     0.42    5997910
2    2018-11-25    VCB 22.96 23.98 22.62  23.56    0.60     0.42  0.60     0.34    7233400
3    2018-12-02    VCB 24.11 24.79 23.90  24.32    0.76     0.47  0.21     0.21    8702700
4    2018-12-09    VCB 24.32 24.83 23.90  24.02   -0.30     0.51 -0.30     0.12    5368870
5    2018-12-16    VCB 23.81 23.98 22.88  23.17   -0.85     0.17 -0.64     0.29    6946330
6    2018-12-23    VCB 23.17 23.34 21.68  22.75   -0.42     0.17 -0.42     1.07    4963860
7    2018-12-30    VCB 22.92 23.13 22.36  23.13    0.38     0.00  0.21     0.56    3460300
8    2019-01-06    VCB 23.51 23.85 23.17  23.47    0.34     0.34 -0.04     0.30    5541270
9    2019-01-13    VCB 23.47 23.94 23.30  23.30   -0.17     0.47 -0.17     0.00    3539680
10   2019-01-20    VCB 23.22 23.90 23.17  23.72    0.42     0.18  0.50     0.05    3256310
11   2019-01-27    VCB 23.81 24.40 23.47  24.02    0.30     0.38  0.21     0.34    4437560
12   2019-02-10    VCB 24.24 25.64 24.15  25.21    1.19     0.43  0.97     0.09    7810640
13   2019-02-17    VCB 25.30 26.53 25.04  26.36    1.15     0.17  1.06     0.26    7697920
14   2019-02-24    VCB 26.57 27.17 25.72  26.45    0.09     0.60 -0.12     0.73    7945420
15   2019-03-03    VCB 26.45 27.13 26.32  26.70    0.25     0.43  0.25     0.13    6900920
16   2019-03-10    VCB 26.57 28.57 26.32  28.06    1.36     0.51  1.49     0.25    9783040
17   2019-03-17    VCB 28.28 28.87 28.15  28.44    0.38     0.43  0.16     0.13    8669570
18   2019-03-24    VCB 27.64 28.70 27.21  28.62    0.18     0.08  0.98     0.43    4722150
19   2019-03-31    VCB 28.87 29.12 28.28  28.96    0.34     0.16  0.09     0.59    3113170
20   2019-04-07    VCB 28.96 29.76 28.74  28.91   -0.05     0.80 -0.05     0.17    3360600
21   2019-04-14    VCB 28.91 29.21 28.23  28.91    0.00     0.30  0.00     0.68    1708720
22   2019-04-21    VCB 28.53 29.42 28.10  28.87   -0.04     0.55  0.34     0.43    2884330
23   2019-04-28    VCB 28.74 28.87 28.10  28.36   -0.51     0.13 -0.38     0.26    1418210
24   2019-05-05    VCB 28.15 28.49 27.47  27.89   -0.47     0.34 -0.26     0.42    3628290
25   2019-05-12    VCB 27.98 28.66 27.81  28.40    0.51     0.26  0.42     0.17    2699380
26   2019-05-19    VCB 28.40 29.17 28.10  28.28   -0.12     0.77 -0.12     0.18    3052620
27   2019-05-26    VCB 28.49 29.17 28.28  28.57    0.29     0.60  0.08     0.21    2352220
28   2019-06-02    VCB 28.28 28.70 27.21  27.89   -0.68     0.42 -0.39     0.68    2135990
29   2019-06-09    VCB 28.40 29.59 28.06  29.42    1.53     0.17  1.02     0.34    4104200
30   2019-06-16    VCB 29.42 30.61 29.00  30.19    0.77     0.42  0.77     0.42    5464170
31   2019-06-23    VCB 30.40 31.38 29.08  29.98   -0.21     0.98 -0.42     0.90    4734390
32   2019-06-30    VCB 30.19 30.87 29.59  30.87    0.89     0.00  0.68     0.60    3276010
33   2019-07-07    VCB 30.61 31.72 30.02  31.34    0.47     0.38  0.73     0.59    4244200
34   2019-07-14    VCB 31.46 33.93 31.34  33.59    2.25     0.34  2.13     0.12    5968920
35   2019-07-21    VCB 33.59 33.89 32.53  33.38   -0.21     0.30 -0.21     0.85    4336820
36   2019-07-28    VCB 33.38 35.08 33.29  33.63    0.25     1.45  0.25     0.09    3851990
37   2019-08-04    VCB 33.67 33.93 32.23  33.38   -0.25     0.26 -0.29     1.15    3849080
38   2019-08-11    VCB 33.38 33.59 31.72  33.12   -0.26     0.21 -0.26     1.40    2700560
39   2019-08-18    VCB 33.12 34.18 32.61  33.67    0.55     0.51  0.55     0.51    4287810
40   2019-08-25    VCB 33.25 33.50 32.31  33.04   -0.63     0.25 -0.21     0.73    3079880
41   2019-09-01    VCB 33.08 33.50 32.61  32.87   -0.17     0.42 -0.21     0.26    1805490
42   2019-09-08    VCB 32.87 34.86 32.74  34.82    1.95     0.04  1.95     0.13    3238860
43   2019-09-15    VCB 34.82 35.20 34.23  34.44   -0.38     0.38 -0.38     0.21    5724730
44   2019-09-22    VCB 34.70 35.33 33.55  35.25    0.81     0.08  0.55     1.15    5136590
45   2019-09-29    VCB 35.25 35.59 34.27  35.29    0.04     0.30  0.04     0.98    4921030
46   2019-10-06    VCB 35.72 36.44 35.20  36.27    0.98     0.17  0.55     0.52    4940530
47   2019-10-13    VCB 36.35 36.74 36.01  36.14   -0.13     0.39 -0.21     0.13    3379050
48   2019-10-20    VCB 36.10 37.63 35.54  37.42    1.28     0.21  1.32     0.56    3071070
49   2019-10-27    VCB 37.42 38.01 36.61  37.76    0.34     0.25  0.34     0.81    3084990
50   2019-11-03    VCB 37.97 39.33 37.97  38.90    1.14     0.43  0.93     0.00    3158480
51   2019-11-10    VCB 39.03 39.20 38.01  38.14   -0.76     0.17 -0.89     0.13    2666750
52   2019-11-17    VCB 38.05 38.69 36.22  36.35   -1.79     0.64 -1.70     0.13    4090290
53   2019-11-24    VCB 36.35 36.99 35.12  36.27   -0.08     0.64 -0.08     1.15    3469690
54   2019-12-01    VCB 36.27 36.44 34.65  36.10   -0.17     0.17 -0.17     1.45    2085790
55   2019-12-08    VCB 36.10 37.63 35.88  37.59    1.49     0.04  1.49     0.22    2539660
56   2019-12-15    VCB 37.59 37.63 36.14  37.54   -0.05     0.04 -0.05     1.40    3181860
57   2019-12-22    VCB 37.80 38.69 37.54  38.48    0.94     0.21  0.68     0.26    2578710
58   2019-12-29    VCB 38.82 39.55 38.48  38.56    0.08     0.73 -0.26     0.08    1813330
59   2020-01-05    VCB 38.26 38.78 36.63  38.39   -0.17     0.39  0.13     1.63    4865250
60   2020-01-12    VCB 38.18 40.54 38.09  40.54    2.15     0.00  2.36     0.09    6909000
61   2020-01-19    VCB 40.54 40.75 39.94  40.07   -0.47     0.21 -0.47     0.13    2459490
62   2020-01-26    VCB 39.51 39.64 37.32  38.05   -2.02     0.13 -1.46     0.73    4811720
63   2020-02-02    VCB 36.08 38.99 35.60  38.61    0.56     0.38  2.53     0.48    5366900
64   2020-02-09    VCB 38.26 38.52 37.96  38.31   -0.30     0.21  0.05     0.30    2803090
65   2020-02-16    VCB 38.31 38.78 38.18  38.18   -0.13     0.47 -0.13     0.00    2480260
66   2020-02-23    VCB 36.89 37.75 34.36  35.35   -2.83     0.86 -1.54     0.99    6326530
67   2020-03-01    VCB 34.96 36.76 34.75  36.25    0.90     0.51  1.29     0.21    3817240
68   2020-03-08    VCB 33.89 34.70 28.61  30.46   -5.79     0.81 -3.43     1.85    7891070
69   2020-03-15    VCB 30.46 30.46 26.38  26.38   -4.08     0.00 -4.08     0.00    7441450
70   2020-03-22    VCB 24.71 28.27 24.28  27.50    1.12     0.77  2.79     0.43    8263080
71   2020-03-29    VCB 25.78 28.44 25.65  28.10    0.60     0.34  2.32     0.13    5550840
72   2020-04-05    VCB 28.96 30.89 28.31  30.29    2.19     0.60  1.33     0.65    9057700
73   2020-04-12    VCB 30.29 30.80 29.08  30.63    0.34     0.17  0.34     1.21    6539330
74   2020-04-19    VCB 30.76 31.06 28.96  29.56   -1.07     0.30 -1.20     0.60    6971210
75   2020-04-26    VCB 29.98 29.98 27.97  29.17   -0.39     0.00 -0.81     1.20    6123670
76   2020-05-03    VCB 29.17 31.83 28.53  31.53    2.36     0.30  2.36     0.64    8517800
77   2020-05-10    VCB 31.96 32.82 30.89  32.60    1.07     0.22  0.64     1.07    9465620
78   2020-05-17    VCB 32.73 34.88 32.52  34.75    2.15     0.13  2.02     0.21    5073370
79   2020-05-24    VCB 34.70 36.89 34.66  36.55    1.80     0.34  1.85     0.04    5277900
80   2020-05-31    VCB 36.68 38.31 36.68  38.18    1.63     0.13  1.50     0.00    3457910
81   2020-06-07    VCB 38.18 38.69 35.39  36.72   -1.46     0.51 -1.46     1.33    4790340
82   2020-06-14    VCB 36.72 37.11 35.09  36.63   -0.09     0.39 -0.09     1.54    5293100
83   2020-06-21    VCB 36.46 37.32 35.48  35.73   -0.90     0.86 -0.73     0.25    3798570
84   2020-06-28    VCB 35.73 35.73 34.32  35.60   -0.13     0.00 -0.13     1.28    2547950
85   2020-07-05    VCB 35.60 36.12 35.22  35.48   -0.12     0.52 -0.12     0.26    4921580
86   2020-07-12    VCB 35.78 35.99 35.26  35.52    0.04     0.21 -0.26     0.26    3716460
87   2020-07-19    VCB 35.39 35.52 33.67  34.75   -0.77     0.13 -0.64     1.08    4696300
88   2020-07-26    VCB 32.60 34.32 32.22  32.77   -1.98     1.55  0.17     0.38    4629450
89   2020-08-02    VCB 32.60 35.65 32.60  35.56    2.79     0.09  2.96     0.00    3139510
90   2020-08-09    VCB 35.60 35.69 35.09  35.18   -0.38     0.09 -0.42     0.09    2405510
91   2020-08-16    VCB 35.18 36.25 35.05  35.56    0.38     0.69  0.38     0.13    3683320
92   2020-08-23    VCB 35.60 36.42 35.60  35.78    0.22     0.64  0.18     0.00    7512860
93   2020-08-30    VCB 36.03 37.11 35.52  36.42    0.64     0.69  0.39     0.51    7526080
94   2020-09-06    VCB 36.33 36.51 34.96  35.30   -1.12     0.18 -1.03     0.34    5995380
95   2020-09-13    VCB 35.52 35.82 35.18  35.56    0.26     0.26  0.04     0.34    4453330
96   2020-09-20    VCB 35.65 36.98 35.52  36.89    1.33     0.09  1.24     0.13    7549510
97   2020-09-27    VCB 36.81 36.98 34.32  36.03   -0.86     0.17 -0.78     1.71    4706170
98   2020-10-04    VCB 36.25 36.68 35.65  36.38    0.35     0.30  0.13     0.60    3820410
99   2020-10-11    VCB 36.89 38.18 36.38  37.84    1.46     0.34  0.95     0.51    5689110
100  2020-10-18    VCB 37.75 38.01 36.51  37.53   -0.31     0.26 -0.22     1.02    5558520
101  2020-10-25    VCB 37.53 37.66 35.52  35.60   -1.93     0.13 -1.93     0.08    4802370
102  2020-11-01    VCB 35.60 36.85 35.60  36.46    0.86     0.39  0.86     0.00    1900630
103  2020-11-08    VCB 36.46 37.45 36.38  37.28    0.82     0.17  0.82     0.08    4374230
104  2020-11-15    VCB 37.41 39.68 36.46  39.68    2.40     0.00  2.27     0.95    6521800
105  2020-11-22    VCB 39.51 40.54 38.95  40.54    0.86     0.00  1.03     0.56    4642360
106  2020-11-29    VCB 40.20 40.32 38.91  39.08   -1.46     0.12 -1.12     0.17    4954980
107  2020-12-06    VCB 39.21 41.91 39.21  41.70    2.62     0.21  2.49     0.00    4922450
108  2020-12-13    VCB 41.70 42.86 40.75  42.43    0.73     0.43  0.73     0.95    6464200
109  2020-12-20    VCB 42.77 42.82 41.52  42.21   -0.22     0.05 -0.56     0.69    3242950
110  2020-12-27    VCB 42.38 43.16 41.95  42.34    0.13     0.78 -0.04     0.39    2409250
111  2021-01-03    VCB 42.38 46.92 42.08  45.32    2.98     1.60  2.94     0.30    5528400
112  2021-01-10    VCB 45.24 45.88 44.33  44.63   -0.69     0.64 -0.61     0.30    4478500
113  2021-01-17    VCB 44.76 45.80 41.56  44.54   -0.09     1.04 -0.22     2.98    6835900
114  2021-01-24    VCB 43.72 44.54 36.98  40.22   -4.32     0.82 -3.50     3.24    5827700
115  2021-01-31    VCB 41.52 43.25 39.35  43.25    3.03     0.00  1.73     2.17    5693400
116  2021-02-07    VCB 42.82 43.16 40.26  42.04   -1.21     0.34 -0.78     1.78    5881100
117  2021-02-14    VCB 42.17 44.11 42.17  43.81    1.77     0.30  1.64     0.00    4594200
118  2021-02-21    VCB 43.46 44.11 41.73  42.47   -1.34     0.65 -0.99     0.74    6062200
119  2021-02-28    VCB 42.47 44.03 40.26  41.69   -0.78     1.56 -0.78     1.43    5796100
120  2021-03-07    VCB 41.95 41.95 40.26  41.43   -0.26     0.00 -0.52     1.17    6179600
121  2021-03-14    VCB 41.52 42.17 40.74  40.74   -0.69     0.65 -0.78     0.00    6538400
122  2021-03-21    VCB 41.52 42.17 40.52  41.04    0.30     0.65 -0.48     0.52    6622400
123  2021-03-28    VCB 41.17 42.60 40.44  42.30    1.26     0.30  1.13     0.73    8864200
124  2021-04-04    VCB 43.25 44.46 42.17  42.17   -0.13     1.21 -1.08     0.00   10695400
125  2021-04-11    VCB 42.60 43.25 41.52  41.65   -0.52     0.65 -0.95     0.13    9346500
126  2021-04-18    VCB 41.95 45.67 41.43  44.98    3.33     0.69  3.03     0.52   12928300
127  2021-04-25    VCB 44.98 44.98 42.25  43.25   -1.73     0.00 -1.73     1.00    7829800
128  2021-05-02    VCB 42.82 44.11 41.82  41.95   -1.30     1.29 -0.87     0.13    6769000
129  2021-05-09    VCB 41.82 42.94 41.47  41.91   -0.04     1.03  0.09     0.35    7165400
130  2021-05-16    VCB 41.99 42.82 40.57  41.86   -0.05     0.83 -0.13     1.29    8859900
131  2021-05-23    VCB 42.17 44.03 41.73  43.07    1.21     0.96  0.90     0.44   11637700
132  2021-05-30    VCB 43.68 46.71 42.51  45.37    2.30     1.34  1.69     1.17   16636400
133  2021-06-06    VCB 45.11 45.37 42.90  44.46   -0.91     0.26 -0.65     1.56   12025900
134  2021-06-13    VCB 44.16 47.14 43.68  46.92    2.46     0.22  2.76     0.48   10570700
135  2021-06-20    VCB 46.71 48.78 45.84  48.70    1.78     0.08  1.99     0.87    8670600
136  2021-06-27    VCB 48.70 50.69 48.05  49.69    0.99     1.00  0.99     0.65    9709200
137  2021-07-04    VCB 49.26 49.73 45.84  47.48   -2.21     0.47 -1.78     1.64   10299500
138  2021-07-11    VCB 47.36 47.36 43.25  44.33   -3.15     0.00 -3.03     1.08   10384300
139  2021-07-18    VCB 43.25 43.68 40.44  41.95   -2.38     0.43 -1.30     1.51    9548000
140  2021-07-25    VCB 41.73 42.73 41.08  42.38    0.43     0.35  0.65     0.65    7955600
141  2021-08-01    VCB 41.95 43.16 41.69  42.43    0.05     0.73  0.48     0.26    5953100
142  2021-08-08    VCB 42.43 43.98 42.25  43.07    0.64     0.91  0.64     0.18    6812600
143  2021-08-15    VCB 43.07 44.54 42.82  43.29    0.22     1.25  0.22     0.25    9904200
144  2021-08-22    VCB 42.82 43.25 41.52  42.30   -0.99     0.43 -0.52     0.78    6458000
145  2021-08-29    VCB 42.56 43.20 41.52  42.99    0.69     0.21  0.43     1.04    2876700
146  2021-09-05    VCB 42.99 43.59 41.86  42.90   -0.09     0.60 -0.09     1.04    4484800
147  2021-09-12    VCB 42.73 42.82 41.95  42.04   -0.86     0.09 -0.69     0.09    4644700
148  2021-09-19    VCB 42.08 43.68 42.08  43.03    0.99     0.65  0.95     0.00    3633400
149  2021-09-26    VCB 43.03 43.12 41.43  41.47   -1.56     0.09 -1.56     0.04    4326800
150  2021-10-03    VCB 41.52 41.95 40.83  41.95    0.48     0.00  0.43     0.69    4072500
151  2021-10-10    VCB 41.95 42.56 41.47  41.73   -0.22     0.61 -0.22     0.26    5799600
152  2021-10-17    VCB 41.65 41.95 40.65  40.78   -0.95     0.30 -0.87     0.13    5111300
153  2021-10-24    VCB 41.47 42.56 40.48  42.38    1.60     0.18  0.91     0.99    5897600
154  2021-10-31    VCB 42.43 42.82 41.95  42.17   -0.21     0.39 -0.26     0.22    5811500
155  2021-11-07    VCB 42.43 42.94 41.86  42.47    0.30     0.47  0.04     0.57    5149300
156  2021-11-14    VCB 42.51 42.82 41.95  41.99   -0.48     0.31 -0.52     0.04    3384000
157  2021-11-21    VCB 42.08 46.79 41.99  45.41    3.42     1.38  3.33     0.09    5802600
158  2021-11-28    VCB 44.67 45.37 42.17  42.38   -3.03     0.70 -2.29     0.21    4322600
159  2021-12-05    VCB 42.38 44.46 41.26  43.25    0.87     1.21  0.87     1.12    5022700
160  2021-12-12    VCB 44.11 44.11 41.73  41.73   -1.52     0.00 -2.38     0.00    7155400
161  2021-12-19    VCB 42.60 44.06 42.43  43.83    2.10     0.23  1.23     0.17    5764700
162  2021-12-26    VCB 44.06 45.23 43.39  44.00    0.17     1.17 -0.06     0.61    3885200
163  2022-01-02    VCB 44.11 44.89 43.50  44.56    0.56     0.33  0.45     0.61    4918700
164  2022-01-09    VCB 44.50 47.13 43.55  46.57    2.01     0.56  2.07     0.95    7906100
165  2022-01-16    VCB 46.34 50.25 45.95  49.81    3.24     0.44  3.47     0.39   10536500
166  2022-01-23    VCB 49.92 53.60 49.25  49.70   -0.11     3.68 -0.22     0.45   11437000
167  2022-02-06    VCB 50.59 52.15 49.97  50.25    0.55     1.56 -0.34     0.28    7335700
168  2022-02-13    VCB 49.19 49.58 46.79  48.69   -1.56     0.39 -0.50     1.90    9866000
169  2022-02-20    VCB 48.36 48.91 47.46  47.52   -1.17     0.55 -0.84     0.06    7239600
170  2022-02-27    VCB 47.52 47.80 46.96  47.41   -0.11     0.28 -0.11     0.45    6383400
171  2022-03-06    VCB 47.07 47.41 45.51  46.79   -0.62     0.34 -0.28     1.28    7294600
172  2022-03-13    VCB 46.51 47.57 45.23  47.02    0.23     0.55  0.51     1.28    7453700
173  2022-03-20    VCB 47.02 47.80 45.79  46.07   -0.95     0.78 -0.95     0.28    4383600
174  2022-03-27    VCB 46.34 46.68 45.28  46.23    0.16     0.34 -0.11     0.95    4050600
175  2022-04-03    VCB 46.46 47.57 45.62  46.34    0.11     1.11 -0.12     0.72    4963900
176  2022-04-10    VCB 46.34 46.46 44.78  44.78   -1.56     0.12 -1.56     0.00    3738200
177  2022-04-17    VCB 44.67 46.12 43.33  45.90    1.12     0.22  1.23     1.34    8100100
178  2022-04-24    VCB 45.90 46.34 43.00  45.17   -0.73     0.44 -0.73     2.17    7644500
179  2022-05-01    VCB 45.17 45.51 44.11  44.34   -0.83     0.34 -0.83     0.23    2687800
180  2022-05-08    VCB 44.00 44.89 40.76  40.76   -3.58     0.89 -3.24     0.00    6467400
181  2022-05-15    VCB 42.16 43.00 40.82  42.05    1.29     0.84 -0.11     1.23    5939700
182  2022-05-22    VCB 42.21 43.22 41.10  43.22    1.17     0.00  1.01     1.11    4218200
183  2022-05-29    VCB 43.22 45.23 42.66  43.27    0.05     1.96  0.05     0.56    3779100
184  2022-06-05    VCB 43.27 45.79 41.93  43.39    0.12     2.40  0.12     1.34    4436600
185  2022-06-12    VCB 43.00 44.67 41.32  42.49   -0.90     1.67 -0.51     1.17    5675800
186  2022-06-19    VCB 44.39 44.39 41.66  41.88   -0.61     0.00 -2.51     0.22    4334800
187  2022-06-26    VCB 42.16 43.00 40.70  41.32   -0.56     0.84 -0.84     0.62    4867200
188  2022-07-03    VCB 41.82 42.16 38.47  41.32    0.00     0.34 -0.50     2.85    5378300
189  2022-07-10    VCB 40.93 41.04 39.87  40.37   -0.95     0.11 -0.56     0.50    3779100
190  2022-07-17    VCB 40.48 40.70 39.70  40.48    0.11     0.22  0.00     0.78    3922600
191  2022-07-24    VCB 40.43 42.21 40.20  41.71    1.23     0.50  1.28     0.23    5683200
192  2022-07-31    VCB 41.71 46.07 41.54  45.79    4.08     0.28  4.08     0.17    8017700
193  2022-08-07    VCB 45.79 46.07 44.61  45.56   -0.23     0.28 -0.23     0.95    5063700
194  2022-08-14    VCB 45.79 45.95 45.00  45.17   -0.39     0.16 -0.62     0.17    5427200
195  2022-08-21    VCB 44.73 46.74 44.61  46.07    0.90     0.67  1.34     0.12    4355800
196  2022-08-28    VCB 45.45 48.30 45.17  46.90    0.83     1.40  1.45     0.28    4510200
197  2022-09-04    VCB 46.90 47.07 43.55  44.00   -2.90     0.17 -2.90     0.45    6971900
198  2022-09-11    VCB 44.45 44.67 43.00  44.67    0.67     0.00  0.22     1.45    5105600
199  2022-09-18    VCB 44.11 44.78 42.32  42.38   -2.29     0.67 -1.73     0.06    4176000
200  2022-09-25    VCB 41.93 43.00 40.43  40.87   -1.51     1.07 -1.06     0.44    4347200
201  2022-10-02    VCB 41.04 41.21 36.46  37.24   -3.63     0.17 -3.80     0.78    5876000
202  2022-10-09    VCB 37.13 38.25 34.62  38.02    0.78     0.23  0.89     2.51    7192200
203  2022-10-16    VCB 37.58 39.48 36.57  37.97   -0.05     1.51  0.39     1.01    5554700
204  2022-10-23    VCB 38.81 41.60 36.74  39.98    2.01     1.62  1.17     2.07    5655800
205  2022-10-30    VCB 41.04 41.88 38.47  40.09    0.11     0.84 -0.95     1.62    5005200
206  2022-11-06    VCB 40.09 42.16 39.70  42.16    2.07     0.00  2.07     0.39    6379400
207  2022-11-13    VCB 42.16 43.55 39.25  42.72    0.56     0.83  0.56     2.91    8678600
208  2022-11-20    VCB 42.72 42.72 40.43  40.82   -1.90     0.00 -1.90     0.39    6594200
209  2022-11-27    VCB 41.60 47.46 41.21  47.46    6.64     0.00  5.86     0.39    6792100
210  2022-12-04    VCB 46.96 48.58 43.00  43.16   -4.30     1.62 -3.80     0.16    8221600
211  2022-12-11    VCB 44.00 46.29 43.22  44.50    1.34     1.79  0.50     0.78    9830200
212  2022-12-18    VCB 44.67 45.79 43.94  44.17   -0.33     1.12 -0.50     0.23    5296600
213  2022-12-25    VCB 44.22 46.40 44.06  44.67    0.50     1.73  0.45     0.16    6183400
214  2023-01-01    VCB 44.78 47.35 44.78  46.90    2.23     0.45  2.12     0.00    4131800
215  2023-01-08    VCB 47.91 50.20 46.79  47.91    1.01     2.29  0.00     1.12    7463600
216  2023-01-15    VCB 48.02 53.60 48.02  51.93    4.02     1.67  3.91     0.00    3930600
217  2023-01-22    VCB 51.93 52.82 51.09  51.93    0.00     0.89  0.00     0.84    1552000
218  2023-01-29    VCB 51.43 51.93 49.02  51.93    0.00     0.00  0.50     2.41    5507100
219  2023-02-05    VCB 51.70 53.77 51.09  52.77    0.84     1.00  1.07     0.61    4638500
220  2023-02-12    VCB 52.93 53.27 50.92  51.93   -0.84     0.34 -1.00     1.01    4610600
221  2023-02-19    VCB 51.93 52.99 50.25  52.21    0.28     0.78  0.28     1.68    4453100
222  2023-02-26    VCB 51.93 52.38 50.76  50.76   -1.45     0.45 -1.17     0.00    3579800
223  2023-03-05    VCB 50.81 52.15 50.64  51.43    0.67     0.72  0.62     0.17    4360000
224  2023-03-12    VCB 51.37 51.37 49.70  49.70   -1.73     0.00 -1.67     0.00    5508900
225  2023-03-19    VCB 49.70 50.81 47.52  49.70    0.00     1.11  0.00     2.18    4626700
226  2023-03-26    VCB 49.70 52.04 49.14  51.04    1.34     1.00  1.34     0.56    3359000
227  2023-04-02    VCB 51.20 51.87 49.97  50.25   -0.79     0.67 -0.95     0.28    2466100
228  2023-04-09    VCB 50.25 50.25 49.02  49.36   -0.89     0.00 -0.89     0.34    2815100
229  2023-04-16    VCB 49.36 49.58 48.80  48.86   -0.50     0.22 -0.50     0.06    2215200
230  2023-04-23    VCB 49.14 50.53 48.58  50.53    1.67     0.00  1.39     0.56    3046900
231  2023-04-30    VCB 50.25 50.25 49.25  50.14   -0.39     0.00 -0.11     0.89     721700
232  2023-05-07    VCB 50.25 52.43 50.14  51.82    1.68     0.61  1.57     0.11    3697100
233  2023-05-14    VCB 51.37 53.60 50.92  52.60    0.78     1.00  1.23     0.45    3807700
234  2023-05-21    VCB 51.93 52.49 51.04  51.37   -1.23     0.56 -0.56     0.33    2423600
235  2023-05-28    VCB 51.37 53.05 51.37  52.99    1.62     0.06  1.62     0.00    2919200
236  2023-06-04    VCB 53.16 56.95 53.16  56.12    3.13     0.83  2.96     0.00    4966500
237  2023-06-11    VCB 55.78 59.41 54.78  58.63    2.51     0.78  2.85     1.00    4358500
238  2023-06-18    VCB 57.85 58.13 55.56  55.78   -2.85     0.28 -2.07     0.22    5531100
239  2023-06-25    VCB 55.34 57.51 55.34  55.84    0.06     1.67  0.50     0.00    3511500
240  2023-07-02    VCB 55.84 58.63 55.73  58.63    2.79     0.00  2.79     0.11    4212500
241  2023-07-09    VCB 58.57 58.63 56.84  58.63    0.00     0.00  0.06     1.73    4271500
242  2023-07-16    VCB 58.63 59.80 57.85  58.63    0.00     1.17  0.00     0.78    3742800
243  2023-07-23    VCB 58.68 61.77 58.35  61.31    2.68     0.46  2.63     0.33    6403800
244  2023-07-30    VCB 61.31 61.44 59.40  59.40   -1.91     0.13 -1.91     0.00    5875200
245  2023-08-06    VCB 59.40 60.12 58.34  59.59    0.19     0.53  0.19     1.06    4783600
246  2023-08-13    VCB 59.53 59.53 58.34  59.00   -0.59     0.00 -0.53     0.66    7923100
247  2023-08-20    VCB 59.13 59.46 56.69  56.82   -2.18     0.33 -2.31     0.13    7598100
248  2023-08-27    VCB 56.96 59.06 56.82  58.74    1.92     0.32  1.78     0.14    5651400
249  2023-09-03    VCB 58.74 59.86 58.74  59.00    0.26     0.86  0.26     0.00    7067000
250  2023-09-10    VCB 59.06 59.33 58.01  59.20    0.20     0.13  0.14     1.05    8458600
251  2023-09-17    VCB 59.00 59.13 56.69  58.87   -0.33     0.13 -0.13     2.18    6096800
252  2023-09-24    VCB 58.67 59.00 57.09  57.68   -1.19     0.33 -0.99     0.59    6592900
253  2023-10-01    VCB 57.42 57.48 55.04  56.30   -1.38     0.06 -1.12     1.26    4263000
254  2023-10-08    VCB 56.30 57.28 55.37  57.09    0.79     0.19  0.79     0.93    3926800
255  2023-10-15    VCB 56.43 57.09 54.52  55.90   -1.19     0.66 -0.53     1.38    4145100
256  2023-10-22    VCB 55.70 57.02 54.38  56.03    0.13     0.99  0.33     1.32    4814400
257  2023-10-29    VCB 55.04 58.93 55.04  58.60    2.57     0.33  3.56     0.00    5561400
258  2023-11-05    VCB 58.60 59.20 56.69  56.69   -1.91     0.60 -1.91     0.00    4977800
259  2023-11-12    VCB 56.69 58.01 56.30  56.43   -0.26     1.32 -0.26     0.13    8865800
260  2023-11-19    VCB 56.43 57.35 56.03  56.69    0.26     0.66  0.26     0.40    4644200
261  2023-11-26    VCB 56.69 56.69 55.44  56.03   -0.66     0.00 -0.66     0.59    3597800
262  2023-12-03    VCB 56.30 56.82 55.90  56.03    0.00     0.52 -0.27     0.13    4694200
263  2023-12-10    VCB 56.03 56.23 54.19  54.19   -1.84     0.20 -1.84     0.00    6930200
264  2023-12-17    VCB 54.58 54.65 52.80  53.33   -0.86     0.07 -1.25     0.53    9247700
265  2023-12-24    VCB 53.33 55.31 52.93  52.93   -0.40     1.98 -0.40     0.00    5497300
266  2023-12-31    VCB 54.65 56.82 54.19  56.82    3.89     0.00  2.17     0.46    6997000
267  2024-01-07    VCB 56.89 59.33 56.89  58.47    1.65     0.86  1.58     0.00    8728200
268  2024-01-14    VCB 58.67 61.31 58.60  61.04    2.57     0.27  2.37     0.07    7755100
269  2024-01-21    VCB 61.64 61.64 59.59  60.65   -0.39     0.00 -0.99     1.06    4504300
270  2024-01-28    VCB 60.52 60.65 58.01  59.53   -1.12     0.13 -0.99     1.52    3895800
271  2024-02-04    VCB 59.46 59.86 58.74  59.33   -0.20     0.40 -0.13     0.59    4672700
272  2024-02-11    VCB 59.33 59.79 58.74  59.06   -0.27     0.46 -0.27     0.32    1780800
273  2024-02-18    VCB 59.26 60.45 58.60  58.60   -0.46     1.19 -0.66     0.00    6841800
274  2024-02-25    VCB 58.60 66.25 58.60  64.14    5.54     2.11  5.54     0.00   10823400
275  2024-03-03    VCB 64.60 64.60 62.69  62.69   -1.45     0.00 -1.91     0.00    9667700
276  2024-03-10    VCB 62.69 63.61 61.90  61.97   -0.72     0.92 -0.72     0.07   10693300
277  2024-03-17    VCB 62.16 63.81 60.98  63.55    1.58     0.26  1.39     1.18    6902300
278  2024-03-24    VCB 62.62 63.88 62.03  62.56   -0.99     1.26 -0.06     0.53    5184400
279  2024-03-31    VCB 62.56 63.28 61.83  62.56    0.00     0.72  0.00     0.73    6313000
280  2024-04-07    VCB 62.56 62.95 61.64  62.36   -0.20     0.39 -0.20     0.72    3911100
281  2024-04-14    VCB 62.36 63.61 59.00  59.66   -2.70     1.25 -2.70     0.66    6535400
282  2024-04-21    VCB 59.66 61.50 58.80  60.12    0.46     1.38  0.46     0.86    7421200
283  2024-04-28    VCB 60.71 61.57 60.05  60.98    0.86     0.59  0.27     0.66    2403100
284  2024-05-05    VCB 61.24 62.03 60.45  60.65   -0.33     0.79 -0.59     0.20    4977400
285  2024-05-12    VCB 60.71 61.11 59.66  60.52   -0.13     0.40 -0.19     0.86    5732700
286  2024-05-19    VCB 60.84 61.31 59.33  59.46   -1.06     0.47 -1.38     0.13    7436900
287  2024-05-26    VCB 59.59 59.99 57.48  57.48   -1.98     0.40 -2.11     0.00    9872400
288  2024-06-02    VCB 58.01 59.13 58.01  58.34    0.86     0.79  0.33     0.00    8635200
289  2024-06-09    VCB 58.60 58.80 57.35  57.68   -0.66     0.20 -0.92     0.33   11226300
290  2024-06-16    VCB 57.75 58.34 56.36  56.69   -0.99     0.59 -1.06     0.33   10296100
291  2024-06-23    VCB 56.69 57.62 56.03  56.16   -0.53     0.93 -0.53     0.13    7958000
292  2024-06-30    VCB 56.56 59.13 56.16  58.01    1.85     1.12  1.45     0.40   10762800
293  2024-07-07    VCB 58.01 58.80 57.15  57.75   -0.26     0.79 -0.26     0.60    7234200
294  2024-07-14    VCB 57.75 59.33 57.68  57.68   -0.07     1.58 -0.07     0.00    9043400
295  2024-07-21    VCB 57.68 58.21 57.48  57.55   -0.13     0.53 -0.13     0.07    6132500
296  2024-07-28    VCB 57.75 60.25 57.55  58.47    0.92     1.78  0.72     0.20    9606000
297  2024-08-04    VCB 58.34 58.34 57.15  57.81   -0.66     0.00 -0.53     0.66    7523700
298  2024-08-11    VCB 58.27 59.00 57.55  58.08    0.27     0.73 -0.19     0.53    6437400
299  2024-08-18    VCB 58.54 61.44 58.21  60.91    2.83     0.53  2.37     0.33   10273800
300  2024-08-25    VCB 60.71 61.04 59.92  60.45   -0.46     0.33 -0.26     0.53    6664100
301  2024-09-01    VCB 60.05 60.05 59.20  59.46   -0.99     0.00 -0.59     0.26    2981600
302  2024-09-08    VCB 59.40 59.46 58.01  59.26   -0.20     0.06 -0.14     1.25    6156700
303  2024-09-15    VCB 59.06 60.65 58.41  59.72    0.46     0.93  0.66     0.65    6945600
304  2024-09-22    VCB 60.19 61.83 59.92  60.98    1.26     0.85  0.79     0.27    6709000
305  2024-09-29    VCB 60.98 61.90 60.52  60.84   -0.14     0.92 -0.14     0.32    6939100
306  2024-10-06    VCB 60.84 61.31 59.92  60.32   -0.52     0.47 -0.52     0.40    6318200
307  2024-10-13    VCB 60.78 61.37 60.19  60.91    0.59     0.46  0.13     0.59    6102400
308  2024-10-20    VCB 60.98 61.50 60.12  60.52   -0.39     0.52 -0.46     0.40    5183600
309  2024-10-27    VCB 60.32 62.62 60.32  61.64    1.12     0.98  1.32     0.00    7648700
310  2024-11-03    VCB 61.97 62.82 60.65  60.78   -0.86     0.85 -1.19     0.13    7152000
311  2024-11-10    VCB 61.18 61.44 60.38  60.45   -0.33     0.26 -0.73     0.07    7769800
312  2024-11-17    VCB 60.45 60.84 59.26  59.72   -0.73     0.39 -0.73     0.46    8283400
313  2024-11-24    VCB 59.92 61.64 59.92  61.50    1.78     0.14  1.58     0.00    6921500
314  2024-12-01    VCB 62.56 62.82 60.98  62.10    0.60     0.26 -0.46     1.12    9256400
315  2024-12-08    VCB 62.10 62.82 61.24  61.37   -0.73     0.72 -0.73     0.13    6379100
316  2024-12-15    VCB 61.31 61.50 60.78  60.98   -0.39     0.19 -0.33     0.20    5815800
317  2024-12-22    VCB 61.04 61.83 60.65  60.78   -0.20     0.79 -0.26     0.13    7402000
318  2024-12-29    VCB 60.78 60.98 60.12  60.65   -0.13     0.20 -0.13     0.53    7113400
319  2025-01-05    VCB 60.65 61.57 60.25  60.25   -0.40     0.92 -0.40     0.00    6092000
320  2025-01-12    VCB 60.19 61.44 60.05  60.98    0.73     0.46  0.79     0.14    5643000
321  2025-01-19    VCB 60.84 61.31 60.12  61.04    0.06     0.27  0.20     0.72    6634600
322  2025-02-02    VCB 60.84 61.57 60.38  61.31    0.27     0.26  0.47     0.46    7249300
323  2025-02-09    VCB 61.24 61.24 60.25  60.38   -0.93     0.00 -0.86     0.13    6201700
324  2025-02-16    VCB 60.32 61.37 60.19  61.37    0.99     0.00  1.05     0.13    7512100
325  2025-02-23    VCB 61.50 62.89 60.78  61.50    0.13     1.39  0.00     0.72   11751400
326  2025-03-02    VCB 61.64 62.82 61.11  62.69    1.19     0.13  1.05     0.53   11927200
327  2025-03-09    VCB 63.55 67.66 63.02  65.09    2.40     2.57  1.54     0.53   25046200
328  2025-03-16    VCB 65.09 66.87 65.09  65.09    0.00     1.78  0.00     0.00   15661200
329  2025-03-23    VCB 65.39 65.68 63.91  63.91   -1.18     0.29 -1.48     0.00    8065200
330  2025-03-30    VCB 63.81 65.09 55.43  59.18   -4.73     1.28 -4.63     3.75   27511600
331  2025-04-06    VCB 58.98 59.08 51.29  58.98   -0.20     0.10  0.00     7.69   24410900
332  2025-04-13    VCB 59.18 60.06 57.30  57.30   -1.68     0.88 -1.88     0.00   17195600
333  2025-04-20    VCB 57.70 58.58 53.95  56.71   -0.59     0.88 -0.99     2.76   12613100
334  2025-04-27    VCB 56.91 57.70 56.51  56.51   -0.20     0.79 -0.40     0.00    4086800
335  2025-05-04    VCB 56.71 57.20 55.82  55.82   -0.69     0.49 -0.89     0.00   16359500
336  2025-05-11    VCB 56.22 58.98 55.43  56.71    0.89     2.27  0.49     0.79   37834700
337  2025-05-18    VCB 56.61 57.10 55.92  56.02   -0.69     0.49 -0.59     0.10   21054000
338  2025-05-25    VCB 56.12 56.81 55.23  55.62   -0.40     0.69 -0.50     0.39   23065900
339  2025-06-01    VCB 55.72 56.22 55.33  55.33   -0.29     0.50 -0.39     0.00   14595200
340  2025-06-08    VCB 55.43 56.32 54.84  55.43    0.10     0.89  0.00     0.59   14676800
341  2025-06-15    VCB 55.43 56.71 55.43  56.32    0.89     0.39  0.89     0.00   22172700
342  2025-06-22    VCB 55.92 56.51 55.62  55.92   -0.40     0.59  0.00     0.30   15653500
343  2025-06-29    VCB 56.22 57.99 56.12  57.60    1.68     0.39  1.38     0.10   28160400
344  2025-07-06    VCB 57.70 62.23 57.40  61.84    4.24     0.39  4.14     0.30   55755200
345  2025-07-13    VCB 62.04 62.04 60.16  61.05   -0.79     0.00 -0.99     0.89   37301600
346  2025-07-20    VCB 61.35 62.63 60.06  61.15    0.10     1.28 -0.20     1.09   29816700
347  2025-07-27    VCB 61.35 62.33 58.88  59.37   -1.78     0.98 -1.98     0.49   39169800
348  2025-08-03    VCB 59.28 62.82 59.18  61.05    1.68     1.77  1.77     0.10   47908400
349  2025-08-10    VCB 61.25 66.57 61.15  63.42    2.37     3.15  2.17     0.10   62586000
350  2025-08-17    VCB 63.91 66.28 61.35  63.71    0.29     2.37 -0.20     2.36   56609900
351  2025-08-24    VCB 64.90 69.63 62.04  67.66    3.95     1.97  2.76     2.86   70282800
352  2025-08-31    VCB 67.86 68.64 65.98  66.57   -1.09     0.78 -1.29     0.59   34206800
353  2025-09-07    VCB 66.18 66.57 63.32  64.90   -1.67     0.39 -1.28     1.58   34491800
354  2025-09-14    VCB 65.09 65.68 62.14  62.14   -2.76     0.59 -2.95     0.00   33476100
355  2025-09-21    VCB 62.14 62.53 60.95  62.14    0.00     0.39  0.00     1.19   21060500
356  2025-09-28    VCB 62.04 62.23 60.95  61.25   -0.89     0.19 -0.79     0.30   16387600
357  2025-10-05    VCB 62.34 64.72 62.34  63.73    2.48     0.99  1.39     0.00   30524600
358  2025-10-12    VCB 62.94 63.53 61.35  61.45   -2.28     0.59 -1.49     0.10   30260500
359  2025-10-19    VCB 61.35 61.74 58.07  59.06   -2.39     0.39 -2.29     0.99   33796900
360  2025-10-26    VCB 59.56 60.75 58.67  59.16    0.10     1.19 -0.40     0.49   13210100
361  2025-11-02    VCB 59.56 60.85 58.57  58.86   -0.30     1.29 -0.70     0.29   16761700
362  2025-11-09    VCB 58.96 59.96 58.37  59.56    0.70     0.40  0.60     0.59   11053200
363  2025-11-16    VCB 59.56 59.96 58.27  58.57   -0.99     0.40 -0.99     0.30   12352400
364  2025-11-23    VCB 58.57 58.86 56.98  56.98   -1.59     0.29 -1.59     0.00   16799600
365  2025-11-30    VCB 57.18 58.96 56.78  57.87    0.89     1.09  0.69     0.40   18699500
366  2025-12-07    VCB 57.77 58.27 56.38  56.38   -1.49     0.50 -1.39     0.00   16337800
367  2025-12-14    VCB 56.38 57.08 55.59  57.08    0.70     0.00  0.70     0.79   19222400
368  2025-12-21    VCB 57.28 57.67 56.18  56.68   -0.40     0.39 -0.60     0.50   17811200
369  2025-12-28    VCB 56.98 57.67 56.68  57.08    0.40     0.59  0.10     0.30    7588500
370  2026-01-04    VCB 57.08 67.50 56.18  67.50   10.42     0.00 10.42     0.90   80269300
371  2026-01-11    VCB 69.39 78.22 69.09  72.46    4.96     5.76  3.07     0.30  108038600
372  2026-01-18    VCB 72.46 75.34 68.00  68.10   -4.36     2.88 -4.36     0.10   73264800
373  2026-01-25    VCB 68.39 72.36 67.60  69.98    1.88     2.38  1.59     0.79   52255100
374  2026-02-01    VCB 69.98 72.76 64.42  64.62   -5.36     2.78 -5.36     0.20   70791500
375  2026-02-08    VCB 65.02 66.11 62.14  63.93   -0.69     1.09 -1.09     1.79   47143000
376  2026-02-22    VCB 64.52 66.21 64.13  64.42    0.49     1.69 -0.10     0.29   46232600
377  2026-03-01    VCB 62.44 63.43 60.95  61.15   -3.27     0.99 -1.29     0.20   54831100
378  2026-03-08    VCB 56.98 60.75 56.88  58.57   -2.58     2.18  1.59     0.10   61583800
379  2026-03-15    VCB 58.86 61.54 57.57  57.57   -1.00     2.68 -1.29     0.00   33866600
380  2026-03-22    VCB 57.38 58.67 56.08  58.37    0.80     0.30  0.99     1.30   34892800
381  2026-03-29    VCB 57.48 58.77 57.28  57.28   -1.09     1.29 -0.20     0.00   30865900
382  2026-04-05    VCB 57.38 60.55 57.28  59.36    2.08     1.19  1.98     0.10   35808600
383  2026-04-12    VCB 59.06 60.06 58.57  59.06   -0.30     1.00  0.00     0.49   27988700
384  2026-04-19    VCB 59.16 63.03 58.77  60.16    1.10     2.87  1.00     0.39   62915400
385  2026-04-26    VCB 60.35 61.05 59.06  59.36   -0.80     0.70 -0.99     0.30   14027400
386  2026-05-03    VCB 60.06 61.25 59.26  60.26    0.90     0.99  0.20     0.80   35747000
387  2026-05-10    VCB 60.55 61.25 58.77  60.26    0.00     0.70 -0.29     1.49   34811100
388  2026-05-17    VCB 60.26 65.71 59.86  63.03    2.77     2.68  2.77     0.40   85716700
389  2026-05-24    VCB 62.74 64.03 61.35  61.54   -1.49     1.29 -1.20     0.19   26012200
390  2026-05-31    VCB 61.84 62.34 60.95  61.25   -0.29     0.50 -0.59     0.30   20341300
391  2026-06-07    VCB 60.75 61.74 60.45  61.15   -0.10     0.59  0.40     0.30   17967100
392  2026-06-14    VCB 61.84 61.94 60.75  61.25    0.10     0.10 -0.59     0.50   24677500
393  2026-06-21    VCB 61.25 62.14 60.35  60.95   -0.30     0.89 -0.30     0.60   16842600
394  2026-06-28    VCB 61.15 62.64 60.95  61.54    0.59     1.10  0.39     0.20   19683400
395  2026-07-05    VCB 61.54 62.04 60.06  60.06   -1.48     0.50 -1.48     0.00   13997500
396  2026-07-12    VCB 60.06 60.06 57.97  58.07   -1.99     0.00 -1.99     0.10   17591300
397  2026-07-19    VCB 58.37 58.37 52.60  54.10   -3.97     0.00 -4.27     1.50   31062700
398  2026-07-26    VCB 54.50 60.40 53.30  59.30    5.20     1.10  4.80     1.20   31003000
399  2026-08-02    VCB 59.60 61.00 58.50  60.20    0.90     0.80  0.60     1.10   22402200

==================================================
      HOÀN THÀNH PHÂN TÍCH          
==================================================
