
  ╭──────────────────────────────────────────────────────────╮
  │  ⚠️  VNSTOCK DEPRECATION NOTICE (31/08/2025)             │
  │                                                          │
  │  Lớp Vnstock và các phương thức cũ (stock, fx, crypto,   │
  │  world_index, fund...) đã chính thức bị ngừng hỗ trợ.    │
  │                                                          │
  │  Để hệ thống ổn định và nhận được cập nhật mới nhất,     │
  │  vui lòng chuyển sang dùng bộ thư viện `vnstock.api`.    │
  │                                                          │
  │  👉 Xem hướng dẫn Migration: /vnstock-migration          │
  ╰──────────────────────────────────────────────────────────╯

Mẫu code chuyển đổi (Migration Example):
--------------------------------------
Cũ (Old):  stock = Vnstock().stock('ACB')
Mới (New): from vnstock.api.quote import Quote
          q = Quote(symbol='ACB', source='VCI')

==================================================
      VNSTOCK 3.x MULTI-STOCK DEMO               
      Danh sách: VCB
      Khung: 1D, Số lượng: 300
==================================================

==================================================
      PHÂN TÍCH MÃ: VCB () 
      Khung thời gian: 1D
==================================================
┏━━━━━━━━━━━━━━━━━━━━━━━━━━━━━━━━━━━━━━━━━━━━━━━━━━━━━━━━━━━━━━━━━━━━━━━━━━━━━━━━━┓
┃                                                                                 ┃
┃  ⚠️ THÔNG BÁO QUAN TRỌNG                                                        ┃
┃                                                                                 ┃
┃  Phát hành vnstock 4.0.1 cung cấp sửa lỗi quan trọng và bổ sung giao diện API   ┃
┃  thống nhất (Unified UI), tăng tính ổn định của code.                           ┃
┃  Cập nhật: pip install vnstock -U                                               ┃
┃  AI Agent Guide: https://github.com/vnstock-hq/vnstock-agent-guide/             ┃
┃                                                                                 ┃
┃  ────────────────────────────────────────────────────────────────────────────── ┃
┃                                                                                 ┃
┃  🚀 VNSTOCK INSIDERS PROGRAM - NÂNG TẦM TRẢI NGHIỆM CỦA BẠN! 🚀                 ┃
┃                                                                                 ┃
┃  Nếu bạn cảm thấy khó chịu với các thông báo và quảng cáo:                      ┃
┃                                                                                 ┃
┃  ✨ Ẩn toàn bộ thông báo và quảng cáo phiền hà                                  ┃
┃  🔓 Mở rộng khả năng sử dụng API tối đa                                         ┃
┃  ⚡ Tăng tốc tải dữ liệu từ 5-8 lần                                              ┃
┃  📈 Tăng giới hạn truy cập API lên đến 5 lần                                    ┃
┃  🤖 Dùng AI Agent viết code hiệu quả với tài liệu Agent Guide                    ┃
┃                                                                                 ┃
┃  🔗 Tham gia ngay: https://vnstocks.com/insiders-program#tiers                  ┃
┃                                                                                 ┃
┗━━━━━━━━━━━━━━━━━━━━━━━━━━━━━━━━━━━━━━━━━━━━━━━━━━━━━━━━━━━━━━━━━━━━━━━━━━━━━━━━━┛

--- [ LỊCH SỬ GIÁ VCB  ] ---
           time  open  high   low  close  change  pct_change    volume
0    2025-02-18 60.83 61.10 60.70  60.83    0.00        0.00   1065500
1    2025-02-19 60.83 60.90 60.63  60.90    0.07        0.12   1509500
2    2025-02-20 61.23 61.29 60.90  60.90    0.00        0.00   1636600
3    2025-02-21 61.16 61.83 61.16  61.83    0.93        1.53   2513400
4    2025-02-24 61.96 62.09 61.56  62.09    0.26        0.42   1956000
5    2025-02-25 62.09 62.16 61.43  61.49   -0.60       -0.97   1926600
6    2025-02-26 61.49 61.69 61.23  61.29   -0.20       -0.33    769200
7    2025-02-27 63.02 63.35 62.42  62.42    1.13        1.84   5028800
8    2025-02-28 62.56 62.56 61.96  61.96   -0.46       -0.74   2070800
9    2025-03-03 62.09 62.09 61.76  61.96    0.00        0.00   1251000
10   2025-03-04 61.89 62.03 61.56  61.76   -0.20       -0.32   2498900
11   2025-03-05 61.76 62.29 61.76  61.76    0.00        0.00   1820200
12   2025-03-06 62.09 62.56 61.89  62.09    0.33        0.53   2357600
13   2025-03-07 62.16 63.29 62.09  63.15    1.06        1.71   3999500
14   2025-03-10 64.02 64.68 63.82  64.28    1.13        1.79   4428800
15   2025-03-11 63.75 64.28 63.49  64.28    0.00        0.00   3640200
16   2025-03-12 65.57 68.16 65.18  66.27    1.99        3.10   7560300
17   2025-03-13 66.77 66.77 64.78  65.08   -1.19       -1.80   4496300
18   2025-03-14 64.98 66.37 64.98  65.57    0.49        0.75   4920600
19   2025-03-17 65.57 66.87 65.57  66.87    1.30        1.98   4940800
20   2025-03-18 67.36 67.36 66.37  66.37   -0.50       -0.75   3656000
21   2025-03-19 66.77 66.77 66.07  66.07   -0.30       -0.45   3674000
22   2025-03-20 66.07 66.57 65.77  66.37    0.30        0.45   1688900
23   2025-03-21 66.57 66.57 65.57  65.57   -0.80       -1.21   1701500
24   2025-03-24 65.87 66.07 65.08  66.07    0.50        0.76   1977600
25   2025-03-25 66.07 66.17 65.77  65.77   -0.30       -0.45   2028100
26   2025-03-26 65.97 66.17 65.38  65.38   -0.39       -0.59   1507400
27   2025-03-27 65.38 65.48 65.08  65.08   -0.30       -0.46    901500
28   2025-03-28 65.08 65.28 64.38  64.38   -0.70       -1.08   1650600
29   2025-03-31 64.28 64.78 63.59  63.59   -0.79       -1.23   1771900
30   2025-04-01 64.28 64.88 63.59  64.08    0.49        0.77   1715200
31   2025-04-02 64.58 65.57 64.18  64.38    0.30        0.47   2330700
32   2025-04-03 63.59 63.99 59.91  59.91   -4.47       -6.94   9806100
33   2025-04-04 56.33 59.61 55.84  59.61   -0.30       -0.50  11887700
34   2025-04-08 59.41 59.41 55.44  55.44   -4.17       -7.00   7181200
35   2025-04-09 51.67 59.32 51.67  52.16   -3.28       -5.92   8995800
36   2025-04-10 55.74 55.74 55.74  55.74    3.58        6.86    174400
37   2025-04-11 59.41 59.51 57.63  59.41    3.67        6.58   8059500
38   2025-04-14 59.61 59.61 58.32  58.92   -0.49       -0.82   3619500
39   2025-04-15 58.72 60.51 57.92  59.61    0.69        1.17   5633100
40   2025-04-16 59.32 59.91 58.62  58.92   -0.69       -1.16   2625800
41   2025-04-17 58.92 58.92 57.73  57.73   -1.19       -2.02   3151800
42   2025-04-18 58.32 59.22 57.73  57.73    0.00        0.00   2165400
43   2025-04-21 58.12 58.52 57.73  57.83    0.10        0.17   1290500
44   2025-04-22 57.73 58.42 54.35  58.12    0.29        0.50   3850700
45   2025-04-23 59.02 59.02 57.63  57.63   -0.49       -0.84   1928700
46   2025-04-24 57.83 58.22 57.63  57.83    0.20        0.35   1861200
47   2025-04-25 57.83 58.62 57.13  57.13   -0.70       -1.21   3682000
48   2025-04-28 57.33 57.92 57.13  57.13    0.00        0.00   1654600
49   2025-04-29 57.33 58.12 56.93  56.93   -0.20       -0.35   2432200
50   2025-05-05 57.13 57.63 56.63  56.73   -0.20       -0.35   2101500
51   2025-05-06 56.93 57.63 56.63  56.63   -0.10       -0.18   2992900
52   2025-05-07 56.73 57.13 56.63  56.63    0.00        0.00   2415400
53   2025-05-08 57.03 57.33 56.53  56.73    0.10        0.18   3022300
54   2025-05-09 56.93 57.23 56.24  56.24   -0.49       -0.86   5827400
55   2025-05-12 56.63 56.93 55.84  56.24    0.00        0.00   5992500
56   2025-05-13 56.73 56.93 56.24  56.43    0.19        0.34   7392600
57   2025-05-14 56.83 58.42 56.83  58.32    1.89        3.35   8014200
58   2025-05-15 58.92 59.41 58.32  58.32    0.00        0.00   8070600
59   2025-05-16 58.42 58.62 57.13  57.13   -1.19       -2.04   8364800
60   2025-05-19 57.03 57.23 56.63  56.63   -0.50       -0.88   4784400
61   2025-05-20 56.63 57.03 56.43  56.73    0.10        0.18   3867000
62   2025-05-21 57.13 57.53 56.63  56.73    0.00        0.00   5161800
63   2025-05-22 56.73 57.03 56.53  56.53   -0.20       -0.35   3694300
64   2025-05-23 56.53 57.13 56.33  56.43   -0.10       -0.18   3546500
65   2025-05-26 56.53 56.63 55.64  56.63    0.20        0.35   4728300
66   2025-05-27 56.43 56.83 56.33  56.43   -0.20       -0.35   5548900
67   2025-05-28 56.73 57.23 56.43  56.43    0.00        0.00   4950200
68   2025-05-29 56.83 56.83 56.33  56.33   -0.10       -0.18   3904500
69   2025-05-30 56.43 56.53 56.04  56.04   -0.29       -0.51   3934000
70   2025-06-02 56.14 56.14 55.74  55.84   -0.20       -0.36   3225700
71   2025-06-03 56.33 56.53 56.04  56.43    0.59        1.06   3364000
72   2025-06-04 56.53 56.63 56.14  56.24   -0.19       -0.34   2690500
73   2025-06-05 56.33 56.43 55.94  55.94   -0.30       -0.53   2783100
74   2025-06-06 55.94 56.24 55.74  55.74   -0.20       -0.36   2531900
75   2025-06-09 55.84 56.04 55.54  55.54   -0.20       -0.36   2223900
76   2025-06-10 55.64 55.84 55.54  55.54    0.00        0.00   2231400
77   2025-06-11 55.84 55.84 55.34  55.34   -0.20       -0.36   2295800
78   2025-06-12 55.64 55.74 55.34  55.64    0.30        0.54   2560800
79   2025-06-13 55.54 56.73 55.24  55.84    0.20        0.36   5364900
80   2025-06-16 55.84 56.33 55.84  56.24    0.40        0.72   4336600
81   2025-06-17 56.53 57.13 56.43  56.83    0.59        1.05   5159800
82   2025-06-18 56.83 56.93 56.14  56.33   -0.50       -0.88   3421100
83   2025-06-19 56.33 56.63 56.14  56.24   -0.09       -0.16   2368700
84   2025-06-20 56.33 56.83 56.14  56.73    0.49        0.87   6886500
85   2025-06-23 56.33 56.53 56.14  56.24   -0.49       -0.86   2480600
86   2025-06-24 56.53 56.73 56.24  56.24    0.00        0.00   3507600
87   2025-06-25 56.43 56.53 56.24  56.24    0.00        0.00   2739800
88   2025-06-26 56.33 56.43 56.04  56.04   -0.20       -0.36   2842900
89   2025-06-27 56.24 56.93 56.04  56.33    0.29        0.52   4082600
90   2025-06-30 56.63 56.83 56.53  56.63    0.30        0.53   2952200
91   2025-07-01 56.83 58.42 56.73  57.83    1.20        2.12  10049500
92   2025-07-02 57.92 58.22 57.33  57.63   -0.20       -0.35   2913600
93   2025-07-03 57.73 58.42 57.33  57.53   -0.10       -0.17   7395300
94   2025-07-04 57.53 58.42 57.43  58.02    0.49        0.85   4849800
95   2025-07-07 58.12 58.52 57.83  58.22    0.20        0.34   8056200
96   2025-07-08 58.42 59.12 58.22  58.62    0.40        0.69  10394500
97   2025-07-09 59.02 61.40 59.02  61.10    2.48        4.23  16449700
98   2025-07-10 61.40 61.40 60.61  61.00   -0.10       -0.16   8152900
99   2025-07-11 61.10 62.69 61.10  62.30    1.30        2.13  12701900
100  2025-07-14 62.49 62.49 60.61  62.00   -0.30       -0.48   6475000
101  2025-07-15 62.00 62.20 61.00  61.00   -1.00       -1.61   6315400
102  2025-07-16 61.00 61.70 60.71  61.40    0.40        0.66   7603200
103  2025-07-17 61.40 62.30 61.40  61.80    0.40        0.65   9992700
104  2025-07-18 61.90 62.20 61.40  61.50   -0.30       -0.49   6915300
105  2025-07-21 61.80 62.30 60.91  60.91   -0.59       -0.96   6138200
106  2025-07-22 60.91 61.80 60.51  61.80    0.89        1.46   4902600
107  2025-07-23 62.10 62.20 61.40  61.70   -0.10       -0.16   5087300
108  2025-07-24 61.80 63.09 61.50  61.70    0.00        0.00   8710200
109  2025-07-25 61.70 62.10 61.50  61.60   -0.10       -0.16   4978400
110  2025-07-28 61.80 62.59 61.70  62.40    0.80        1.30  10484700
111  2025-07-29 62.79 62.79 60.61  60.61   -1.79       -2.87  10595600
112  2025-07-30 60.61 61.50 60.01  60.51   -0.10       -0.16   7271000
113  2025-07-31 61.10 61.30 59.71  59.81   -0.70       -1.16   6066900
114  2025-08-01 59.91 60.21 59.32  59.81    0.00        0.00   4751600
115  2025-08-04 59.71 61.00 59.61  60.71    0.90        1.50   4462400
116  2025-08-05 61.10 63.29 60.81  61.10    0.39        0.64  18590000
117  2025-08-06 61.70 62.40 61.50  61.90    0.80        1.31   4677500
118  2025-08-07 62.49 62.49 60.91  61.30   -0.60       -0.97   9498700
119  2025-08-08 61.80 62.89 61.20  61.50    0.20        0.33  10679800
120  2025-08-11 61.70 62.79 61.70  62.10    0.60        0.98   7266300
121  2025-08-12 62.40 64.38 62.30  62.59    0.49        0.79  12129000
122  2025-08-13 63.09 63.19 61.60  62.10   -0.49       -0.78   7519800
123  2025-08-14 63.29 65.87 62.89  64.78    2.68        4.32  19003100
124  2025-08-15 66.97 67.07 63.79  63.89   -0.89       -1.37  16667800
125  2025-08-18 64.38 65.18 63.59  64.08    0.19        0.30   8297300
126  2025-08-19 64.08 64.98 63.79  63.79   -0.29       -0.45   9191400
127  2025-08-20 64.08 64.18 61.80  62.59   -1.20       -1.88  10537600
128  2025-08-21 62.89 64.58 62.89  63.79    1.20        1.92   9639300
129  2025-08-22 63.59 66.77 63.29  64.18    0.39        0.61  18944300
130  2025-08-25 65.38 65.38 62.99  63.19   -0.99       -1.54   7750800
131  2025-08-26 63.19 64.58 62.49  64.18    0.99        1.57   7988400
132  2025-08-27 64.58 68.65 64.58  68.65    4.47        6.96  31048100
133  2025-08-28 69.05 70.15 68.26  68.56   -0.09       -0.13   8799400
134  2025-08-29 68.75 69.65 68.06  68.16   -0.40       -0.58  14696100
135  2025-09-03 68.36 68.36 66.57  66.57   -1.59       -2.33  14216900
136  2025-09-04 67.07 68.56 66.47  68.46    1.89        2.84   8942100
137  2025-09-05 69.05 69.15 67.07  67.07   -1.39       -2.03  11047800
138  2025-09-08 66.67 67.07 64.88  64.88   -2.19       -3.27  11249800
139  2025-09-09 65.08 65.77 64.08  64.48   -0.40       -0.62   6192300
140  2025-09-10 65.18 65.57 64.38  65.38    0.90        1.40   5006400
141  2025-09-11 65.18 65.57 63.79  65.28   -0.10       -0.15   6349100
142  2025-09-12 65.77 65.77 64.58  65.38    0.10        0.15   5694200
143  2025-09-15 65.57 65.57 65.08  65.38    0.00        0.00   5367400
144  2025-09-16 65.57 66.17 65.18  65.18   -0.20       -0.31   6765400
145  2025-09-17 65.08 65.38 64.38  64.38   -0.80       -1.23   5627200
146  2025-09-18 64.48 64.48 63.19  63.49   -0.89       -1.38   8783400
147  2025-09-19 63.79 64.08 62.59  62.59   -0.90       -1.42   6932700
148  2025-09-22 62.59 62.79 61.40  61.60   -0.99       -1.58   6061300
149  2025-09-23 62.00 62.69 61.80  61.80    0.20        0.32   3267800
150  2025-09-24 62.00 62.30 61.40  62.30    0.50        0.81   3879200
151  2025-09-25 62.89 62.99 62.30  62.59    0.29        0.47   3870300
152  2025-09-26 62.79 62.99 62.49  62.59    0.00        0.00   3981900
153  2025-09-29 62.49 62.49 62.00  62.20   -0.39       -0.62   2782900
154  2025-09-30 62.40 62.49 61.40  61.60   -0.60       -0.96   4104100
155  2025-10-01 62.30 62.30 61.60  62.00    0.40        0.65   3022000
156  2025-10-02 62.00 62.69 61.70  61.70   -0.30       -0.48   3657500
157  2025-10-03 62.00 62.00 61.40  61.70    0.00        0.00   2821100
158  2025-10-06 62.80 64.00 62.80  64.00    2.30        3.73   7461700
159  2025-10-07 64.10 64.10 63.30  63.70   -0.30       -0.47   4229300
160  2025-10-08 64.20 64.90 63.60  64.60    0.90        1.41   8113800
161  2025-10-09 64.50 65.20 63.80  63.80   -0.80       -1.24   5734200
162  2025-10-10 63.90 64.40 63.60  64.20    0.40        0.63   4985600
163  2025-10-13 63.40 63.80 62.80  63.10   -1.10       -1.71   7992500
164  2025-10-14 63.50 64.00 62.90  63.10    0.00        0.00   7008900
165  2025-10-15 63.10 63.40 62.50  62.50   -0.60       -0.95   5218800
166  2025-10-16 62.70 63.00 62.50  62.90    0.40        0.64   4634400
167  2025-10-17 62.90 62.90 61.80  61.90   -1.00       -1.59   5405900
168  2025-10-20 61.80 62.20 58.60  59.40   -2.50       -4.04  12115600
169  2025-10-21 59.70 60.70 59.30  59.30   -0.10       -0.17   8416700
170  2025-10-22 60.10 60.20 58.50  59.60    0.30        0.51   4664800
171  2025-10-23 58.90 60.30 58.90  59.80    0.20        0.34   4227100
172  2025-10-24 59.80 59.90 58.80  59.50   -0.30       -0.50   4372700
173  2025-10-27 60.00 60.00 59.20  59.20   -0.30       -0.50   2640000
174  2025-10-28 59.20 60.20 59.10  60.00    0.80        1.35   2789700
175  2025-10-29 60.00 61.00 59.80  60.70    0.70        1.17   3716000
176  2025-10-30 61.00 61.20 60.30  60.60   -0.10       -0.16   1946600
177  2025-10-31 60.80 60.80 59.60  59.60   -1.00       -1.65   2117800
178  2025-11-03 60.00 60.30 59.30  59.30   -0.30       -0.50   2800100
179  2025-11-04 59.20 60.40 59.10  60.10    0.80        1.35   2952400
180  2025-11-05 60.00 61.10 59.90  60.80    0.70        1.16   4601700
181  2025-11-06 60.90 61.30 60.20  60.30   -0.50       -0.82   2821200
182  2025-11-07 60.00 60.00 59.00  59.30   -1.00       -1.66   3586300
183  2025-11-10 59.40 59.70 58.80  58.80   -0.50       -0.84   2316500
184  2025-11-11 59.10 59.60 58.80  58.90    0.10        0.17   2540900
185  2025-11-12 59.10 59.70 59.00  59.50    0.60        1.02   2012700
186  2025-11-13 59.50 60.00 59.20  59.80    0.30        0.50   2113500
187  2025-11-14 59.80 60.40 59.40  60.00    0.20        0.33   2069600
188  2025-11-17 60.00 60.40 59.90  60.20    0.20        0.33   1585600
189  2025-11-18 60.40 60.40 59.80  59.90   -0.30       -0.50   2158800
190  2025-11-19 59.90 60.10 59.30  59.40   -0.50       -0.83   2896200
191  2025-11-20 59.60 59.70 59.20  59.40    0.00        0.00   2259400
192  2025-11-21 59.10 59.20 58.70  59.00   -0.40       -0.67   3452400
193  2025-11-24 59.00 59.30 58.70  58.80   -0.20       -0.34   2025600
194  2025-11-25 58.90 59.00 58.20  58.20   -0.60       -1.02   2755000
195  2025-11-26 58.50 58.60 57.80  58.10   -0.10       -0.17   5371200
196  2025-11-27 58.20 58.50 57.90  57.90   -0.20       -0.34   3113500
197  2025-11-28 58.00 58.10 57.40  57.40   -0.50       -0.86   3534300
198  2025-12-01 57.60 58.00 57.50  57.50    0.10        0.17   2824900
199  2025-12-02 57.50 57.80 57.20  57.60    0.10        0.17   3185600
200  2025-12-03 57.80 59.10 57.80  58.90    1.30        2.26   6161200
201  2025-12-04 59.00 59.40 58.70  58.90    0.00        0.00   2923100
202  2025-12-05 59.00 59.20 58.20  58.30   -0.60       -1.02   3604700
203  2025-12-08 58.20 58.30 57.80  57.90   -0.40       -0.69   2141500
204  2025-12-09 57.90 58.70 57.30  58.00    0.10        0.17   4519400
205  2025-12-10 58.30 58.60 57.80  58.20    0.20        0.34   3082500
206  2025-12-11 58.40 58.40 57.60  57.60   -0.60       -1.03   1746700
207  2025-12-12 57.80 57.80 56.80  56.80   -0.80       -1.39   4847700
208  2025-12-15 56.80 57.30 56.70  56.80    0.00        0.00   3203100
209  2025-12-16 56.90 57.40 56.00  56.90    0.10        0.18   6346800
210  2025-12-17 57.00 57.50 56.70  56.70   -0.20       -0.35   2331200
211  2025-12-18 57.20 57.50 56.70  56.80    0.10        0.18   3075800
212  2025-12-19 57.00 57.50 56.70  57.50    0.70        1.23   4265500
213  2025-12-22 57.70 58.00 57.30  57.80    0.30        0.52   2961200
214  2025-12-23 57.80 58.10 57.00  57.20   -0.60       -1.04   3147900
215  2025-12-24 57.30 57.30 56.90  57.00   -0.20       -0.35   4431500
216  2025-12-25 57.00 57.90 57.00  57.10    0.10        0.18   3968100
217  2025-12-26 57.10 57.40 56.60  57.10    0.00        0.00   3302500
218  2025-12-29 57.40 57.50 57.10  57.10    0.00        0.00   2099700
219  2025-12-30 57.30 58.10 57.20  57.30    0.20        0.35   2958000
220  2025-12-31 57.40 57.90 57.30  57.50    0.20        0.35   2530800
221  2026-01-05 57.50 57.60 57.00  57.10   -0.40       -0.70   3591800
222  2026-01-06 57.10 57.50 56.60  57.30    0.20        0.35   4173200
223  2026-01-07 57.60 59.90 57.50  59.60    2.30        4.01  12918300
224  2026-01-08 59.80 63.70 59.70  63.70    4.10        6.88  27104600
225  2026-01-09 65.40 68.00 65.40  68.00    4.30        6.75  32481400
226  2026-01-12 69.90 72.70 69.60  72.70    4.70        6.91  21973100
227  2026-01-13 74.30 76.00 71.80  74.00    1.30        1.79  28198200
228  2026-01-14 73.10 78.80 73.10  76.00    2.00        2.70  21213600
229  2026-01-15 74.00 74.90 71.90  71.90   -4.10       -5.39  23227200
230  2026-01-16 73.00 76.00 72.00  73.00    1.10        1.53  13426500
231  2026-01-19 73.00 73.50 71.60  72.70   -0.30       -0.41   8212000
232  2026-01-20 74.00 75.00 72.10  73.50    0.80        1.10  18491600
233  2026-01-21 72.80 73.60 71.70  72.80   -0.70       -0.95  11179000
234  2026-01-22 73.40 75.90 70.60  71.00   -1.80       -2.47  18577500
235  2026-01-23 71.00 71.00 68.50  68.60   -2.40       -3.38  16804700
236  2026-01-26 68.90 71.10 68.70  69.60    1.00        1.46  10990600
237  2026-01-27 69.70 71.50 68.10  70.60    1.00        1.44   9645200
238  2026-01-28 71.10 72.90 69.40  69.60   -1.00       -1.42  12283200
239  2026-01-29 69.30 70.80 68.60  69.80    0.20        0.29   7855400
240  2026-01-30 70.60 71.90 69.60  70.50    0.70        1.00  11480700
241  2026-02-02 70.50 71.50 69.30  71.50    1.00        1.42  10711000
242  2026-02-03 72.40 73.30 71.30  71.80    0.30        0.42  15094700
243  2026-02-04 72.00 72.00 70.50  70.80   -1.00       -1.39   8726700
244  2026-02-05 70.70 70.80 68.40  68.40   -2.40       -3.39  11688700
245  2026-02-06 67.90 67.90 64.90  65.10   -3.30       -4.82  24570400
246  2026-02-09 65.50 66.00 64.20  65.00   -0.10       -0.15   7308900
247  2026-02-10 64.50 65.50 62.60  63.10   -1.90       -2.92  15811100
248  2026-02-11 64.00 66.60 63.50  64.70    1.60        2.54  11121200
249  2026-02-12 65.50 65.50 64.20  64.20   -0.50       -0.77   7950400
250  2026-02-13 64.70 65.10 64.00  64.40    0.20        0.31   4951400
251  2026-02-23 65.00 66.70 64.60  66.40    2.00        3.11  10104200
252  2026-02-24 66.60 66.60 64.90  65.00   -1.40       -2.11  10246500
253  2026-02-25 65.00 66.50 64.70  65.10    0.10        0.15   9488800
254  2026-02-26 65.20 65.90 65.00  65.40    0.30        0.46   7561900
255  2026-02-27 65.50 66.40 64.80  64.90   -0.50       -0.76   8831200
256  2026-03-02 62.90 63.90 62.90  62.90   -2.00       -3.08  17105000
257  2026-03-03 62.90 63.70 61.40  61.60   -1.30       -2.07  12575400
258  2026-03-04 61.80 63.20 61.70  63.00    1.40        2.27  10259500
259  2026-03-05 63.70 63.70 62.50  62.50   -0.50       -0.79   6037000
260  2026-03-06 62.00 63.20 61.60  61.60   -0.90       -1.44   8854200
261  2026-03-09 57.40 59.70 57.30  57.30   -4.30       -6.98  29396000
262  2026-03-10 59.80 60.90 58.80  60.40    3.10        5.41  11524700
263  2026-03-11 60.50 61.20 60.00  60.40    0.00        0.00   8789200
264  2026-03-12 60.20 60.30 59.50  59.80   -0.60       -0.99   6217000
265  2026-03-13 59.20 60.10 58.90  59.00   -0.80       -1.34   5656900
266  2026-03-16 59.30 59.80 58.60  58.80   -0.20       -0.34   3985900
267  2026-03-17 59.50 60.50 59.40  60.50    1.70        2.89   7148800
268  2026-03-18 60.90 62.00 60.00  60.50    0.00        0.00   8225000
269  2026-03-19 59.70 60.00 59.00  59.80   -0.70       -1.16   6184000
270  2026-03-20 59.80 59.80 58.00  58.00   -1.80       -3.01   8322900
271  2026-03-23 57.80 58.30 56.50  57.60   -0.40       -0.69   9648600
272  2026-03-24 59.00 59.00 58.00  58.20    0.60        1.04   4332300
273  2026-03-25 58.80 59.10 58.00  58.40    0.20        0.34   8558200
274  2026-03-26 58.50 58.60 57.50  57.90   -0.50       -0.86   6217800
275  2026-03-27 58.00 59.00 57.90  58.80    0.90        1.55   6135900
276  2026-03-30 57.90 58.50 57.80  58.00   -0.80       -1.36   5546000
277  2026-03-31 58.20 58.90 58.00  58.10    0.10        0.17   5481100
278  2026-04-01 58.90 59.20 58.50  59.00    0.90        1.55   8254700
279  2026-04-02 58.70 58.80 58.10  58.20   -0.80       -1.36   5664500
280  2026-04-03 58.30 58.50 57.70  57.70   -0.50       -0.86   5919600
281  2026-04-06 57.80 58.20 57.70  58.00    0.30        0.52   4303300
282  2026-04-07 58.00 58.30 57.70  58.00    0.00        0.00   3889100
283  2026-04-08 59.20 60.30 58.80  60.20    2.20        3.79  13743100
284  2026-04-09 60.00 60.10 59.30  59.40   -0.80       -1.33   6217700
285  2026-04-10 59.60 61.00 59.60  59.80    0.40        0.67   7655400
286  2026-04-13 59.50 59.50 59.00  59.20   -0.60       -1.00   5088700
287  2026-04-14 59.70 59.80 59.10  59.30    0.10        0.17   5548100
288  2026-04-15 59.70 60.50 59.60  59.90    0.60        1.01   8919600
289  2026-04-16 60.00 60.10 59.30  59.40   -0.50       -0.83   4174500
290  2026-04-17 59.40 59.90 59.40  59.50    0.10        0.17   4257800
291  2026-04-20 59.60 60.50 59.50  60.10    0.60        1.01   6442900
292  2026-04-21 60.40 60.60 59.60  59.60   -0.50       -0.83   6379000
293  2026-04-22 59.60 59.80 59.20  59.40   -0.20       -0.34   3011000
294  2026-04-23 59.70 63.50 59.60  62.80    3.40        5.72  35200000
295  2026-04-24 63.00 63.00 60.60  60.60   -2.20       -3.50  11882500
296  2026-04-28 60.80 61.50 59.80  59.80   -0.80       -1.32   7596400
297  2026-04-29 59.90 60.50 59.50  59.80    0.00        0.00   6431000
298  2026-05-04 60.50 61.20 60.00  60.70    0.90        1.51   7506200
299  2026-05-05 60.60 60.70 59.70  59.90   -0.80       -1.32   6407700

==================================================
      HOÀN THÀNH PHÂN TÍCH TẤT CẢ CÁC MÃ          
==================================================
