--- [ LỊCH SỬ GIÁ VCB  ] ---
           time  open  high   low  close  change  pct_change     volume
0    2016-06-30 13.97 14.75 13.43  14.21    0.18        1.28   13606840
1    2016-07-29 14.21 17.57 14.12  16.22    2.01       14.14   15578120
2    2016-08-31 16.22 18.17 14.87  16.22    0.00        0.00   15285980
3    2016-09-30 16.37 16.52 14.49  15.85   -0.37       -2.28   44035490
4    2016-10-31 15.85 16.00 14.61  14.90   -0.95       -5.99   20926480
5    2016-11-30 14.82 15.23 14.24  14.57   -0.33       -2.21   18952150
6    2016-12-30 14.69 15.07 14.07  14.67    0.10        0.69   15715520
7    2017-01-25 14.74 16.27 14.74  16.27    1.60       10.91   23374170
8    2017-02-28 16.39 16.52 15.40  15.48   -0.79       -4.86   24343580
9    2017-03-31 15.48 15.96 15.27  15.27   -0.21       -1.36   26315110
10   2017-04-28 15.27 15.44 14.36  14.53   -0.74       -4.85   17768180
11   2017-05-31 14.53 15.81 14.51  14.98    0.45        3.10   29276650
12   2017-06-30 15.07 16.56 14.94  15.94    0.96        6.41   39878530
13   2017-07-31 15.91 16.41 15.17  15.63   -0.31       -1.94   22657110
14   2017-08-31 15.73 16.12 15.19  15.36   -0.27       -1.73   16537520
15   2017-09-29 15.48 16.10 15.36  15.90    0.54        3.52   30246320
16   2017-10-31 15.99 18.16 15.84  17.51    1.61       10.13   53704540
17   2017-11-30 17.59 21.14 17.25  20.51    3.00       17.13   47524250
18   2017-12-29 20.55 23.26 17.59  22.96    2.45       11.95   45549060
19   2018-01-31 22.84 30.24 22.41  28.16    5.20       22.65   49684910
20   2018-02-28 28.08 31.72 24.70  31.21    3.05       10.83   39996030
21   2018-03-30 30.70 32.35 28.63  29.81   -1.40       -4.49   60318140
22   2018-04-27 30.02 31.84 24.53  25.37   -4.44      -14.89   63744940
23   2018-05-31 25.63 26.30 19.79  22.88   -2.49       -9.81   64596090
24   2018-06-29 22.88 25.58 22.79  24.53    1.65        7.21   58085150
25   2018-07-31 24.32 25.08 21.19  24.74    0.21        0.86   46855680
26   2018-08-31 24.99 27.19 24.40  26.43    1.69        6.83   51094350
27   2018-09-28 26.43 27.78 25.42  26.64    0.21        0.79   32533640
28   2018-10-31 26.85 27.06 22.49  23.81   -2.83      -10.62   35355080
29   2018-11-30 23.90 24.41 22.49  23.73   -0.08       -0.34   23135820
30   2018-12-28 24.29 25.01 21.84  22.92   -0.81       -3.41   25981760
31   2019-01-31 23.09 24.59 22.53  24.33    1.41        6.15   19408080
32   2019-02-28 24.41 27.37 24.20  25.91    1.58        6.49   23567520
33   2019-03-29 26.13 29.08 26.04  28.83    2.92       11.27   30789180
34   2019-04-26 29.08 29.98 28.31  29.08    0.25        0.87   11066820
35   2019-05-31 28.95 29.38 27.67  28.78   -0.30       -1.03   13150720
36   2019-06-28 28.48 31.61 27.41  30.20    1.42        4.93   16438750
37   2019-07-31 30.41 35.34 29.81  34.35    4.15       13.74   20459090
38   2019-08-30 34.35 34.48 31.95  33.28   -1.07       -3.11   15136180
39   2019-09-30 33.32 35.68 32.85  35.17    1.89        5.68   16681440
40   2019-10-31 35.17 37.91 34.52  37.56    2.39        6.80   17549430
41   2019-11-29 37.56 39.62 35.38  36.54   -1.02       -2.72   14456680
42   2019-12-31 36.54 39.84 34.91  38.98    2.44        6.68   11276930
43   2020-01-31 38.98 41.05 36.91  38.33   -0.65       -1.67   19967880
44   2020-02-28 36.34 39.28 34.61  35.61   -2.72       -7.10   16976780
45   2020-03-31 35.22 37.03 24.46  26.79   -8.82      -24.77   30007670
46   2020-04-29 26.58 31.29 26.58  29.39    2.60        9.71   31647920
47   2020-05-29 29.39 37.16 28.74  36.82    7.43       25.28   28334690
48   2020-06-30 36.95 38.98 34.57  34.70   -2.12       -5.76   18644050
49   2020-07-31 34.70 36.39 32.45  33.02   -1.68       -4.84   19207610
50   2020-08-31 32.84 36.69 32.84  35.87    2.85        8.63   17712510
51   2020-09-30 35.87 37.38 35.22  36.34    0.47        1.31   28001290
52   2020-10-30 36.78 38.46 34.57  35.87   -0.47       -1.29   21128280
53   2020-11-30 35.87 40.84 35.87  40.19    4.32       12.04   18887360
54   2020-12-31 39.20 43.48 39.20  42.65    2.46        6.12   20545490
55   2021-01-29 42.70 47.27 37.25  40.52   -2.13       -4.99   22670500
56   2021-02-26 41.82 44.44 39.65  42.78    2.26        5.58   22230900
57   2021-03-31 42.78 44.35 40.56  41.30   -1.48       -3.46   29025600
58   2021-04-29 41.48 46.01 41.48  43.57    2.27        5.50   45775100
59   2021-05-31 43.13 44.44 40.87  42.96   -0.61       -1.40   37053000
60   2021-06-30 43.31 51.06 43.00  50.71    7.75       18.04   51428200
61   2021-07-30 50.84 50.89 40.74  42.70   -8.01      -15.80   41751000
62   2021-08-31 42.26 44.87 41.82  43.31    0.61        1.43   31097100
63   2021-09-30 43.31 44.00 41.82  42.35   -0.96       -2.22   16385300
64   2021-10-29 42.39 42.87 40.78  42.70    0.35        0.83   22492900
65   2021-11-30 42.74 47.14 42.17  43.09    0.39        0.91   22334900
66   2021-12-31 43.31 45.56 41.56  44.33    1.24        2.88   23963100
67   2022-01-28 44.44 54.00 43.82  50.06    5.73       12.93   34798300
68   2022-02-28 50.96 52.54 47.14  47.53   -2.53       -5.05   25763400
69   2022-03-31 47.53 48.15 45.56  46.18   -1.35       -2.84   27343500
70   2022-04-29 46.18 47.93 43.31  45.51   -0.67       -1.45   25347000
71   2022-05-31 45.51 45.84 41.06  44.38   -1.13       -2.48   21124200
72   2022-06-30 44.44 46.13 41.63  42.08   -2.30       -5.18   19899400
73   2022-07-29 41.91 42.53 38.76  42.02   -0.06       -0.14   20146200
74   2022-08-31 42.02 48.66 41.85  47.25    5.23       12.45   27374600
75   2022-09-30 47.25 47.42 40.73  41.18   -6.07      -12.85   20600700
76   2022-10-31 41.34 41.91 34.88  41.34    0.16        0.39   24938100
77   2022-11-30 41.63 45.56 38.76  45.56    4.22       10.21   30369900
78   2022-12-30 45.51 48.94 43.31  45.00   -0.56       -1.23   31952000
79   2023-01-31 45.11 54.00 45.11  51.69    6.69       14.87   19570700
80   2023-02-28 51.75 54.17 49.84  52.59    0.90        1.74   17783400
81   2023-03-31 51.92 52.76 47.87  51.41   -1.18       -2.24   20367600
82   2023-04-28 51.58 52.26 48.94  50.91   -0.50       -0.97   10543300
83   2023-05-31 50.63 54.00 49.61  52.88    1.97        3.87   12185200
84   2023-06-30 53.21 59.85 52.43  56.25    3.37        6.37   19751700
85   2023-07-31 56.25 62.22 56.14  60.83    4.58        8.14   20098900
86   2023-08-31 60.83 61.63 57.11  59.17   -1.66       -2.73   30363100
87   2023-09-29 59.17 60.30 57.11  58.11   -1.06       -1.79   28215300
88   2023-10-31 57.84 57.91 54.79  57.64   -0.47       -0.81   19087500
89   2023-11-30 57.64 59.63 56.25  56.25   -1.39       -2.41   24994100
90   2023-12-29 56.38 57.24 53.19  53.33   -2.92       -5.19   27084100
91   2024-01-31 55.05 62.09 54.59  58.77    5.44       10.20   30549300
92   2024-02-29 58.44 66.74 58.44  64.62    5.85        9.95   23070200
93   2024-03-29 65.21 65.21 61.43  63.02   -1.60       -2.48   34827300
94   2024-04-26 63.02 64.08 59.24  60.56   -2.46       -3.90   24180700
95   2024-05-31 61.16 62.49 57.91  57.91   -2.65       -4.38   30422500
96   2024-06-28 58.44 59.57 56.45  56.58   -1.33       -2.30   38115600
97   2024-07-31 56.98 59.77 56.58  59.24    2.66        4.70   36466900
98   2024-08-30 59.30 61.89 57.58  60.90    1.66        2.80   37211000
99   2024-09-30 60.50 62.29 58.44  61.10    0.20        0.33   24069800
100  2024-10-31 61.29 63.09 60.37  62.16    1.06        1.73   29185200
101  2024-11-29 62.42 63.29 59.70  61.96   -0.20       -0.32   31856600
102  2024-12-31 63.02 63.29 60.56  60.56   -1.40       -2.26   32934000
103  2025-01-24 60.83 62.03 60.50  61.49    0.93        1.54   21402300
104  2025-02-28 61.29 63.35 60.63  61.96    0.47        0.76   32714500
105  2025-03-31 62.09 68.16 61.56  63.59    1.63        2.63   62471700
106  2025-04-29 64.28 65.57 51.67  56.93   -6.66      -10.47   84046100
107  2025-05-30 57.13 59.41 55.64  56.04   -0.89       -1.56   98314100
108  2025-06-30 56.14 57.13 55.24  56.63    0.59        1.05   70050400
109  2025-07-31 56.83 63.09 56.73  59.81    3.18        5.62  182499900
110  2025-08-29 59.91 70.15 59.32  68.16    8.35       13.96  242138700
111  2025-09-30 68.36 69.15 61.40  61.60   -6.56       -9.62  130122200
112  2025-10-31 62.30 65.20 58.50  59.60   -2.00       -3.25  117292700
113  2025-11-28 60.00 61.30 57.40  57.40   -2.20       -3.69   56966900
114  2025-12-31 57.60 59.40 56.00  57.50    0.10        0.17   79659400
115  2026-01-30 57.50 78.80 56.60  70.50   13.00       22.61  313827800
116  2026-02-27 70.50 73.30 62.60  64.90   -5.60       -7.94  164167100
117  2026-03-31 62.90 63.90 56.50  58.10   -6.80      -10.48  196201400
118  2026-04-29 58.90 63.50 57.70  59.80    1.70        2.93  160578900
119  2026-05-05 60.50 61.20 59.90  59.90    0.10        0.17    9721300

==================================================
      HOÀN THÀNH PHÂN TÍCH TẤT CẢ CÁC MÃ          
==================================================
