==================================================
      VNSTOCK 4.x OPTIMIZED ANALYZER
      Danh sách: GOLD
      Khung: 1H, Số lượng: 100
==================================================

==================================================
      PHÂN TÍCH MÃ: GOLD (Gold / USD (TradingView)) 
      Khung thời gian: 1H
==================================================

--- [ LỊCH SỬ GIÁ GOLD  ] ---
                   time symbol     open     high      low    close  change  wick_up   body  wick_dn    volume
1   2026-09-07 05:00:00   GOLD 4,422.49 4,435.26 4,422.16 4,429.39   -0.43     5.86   6.90     0.33  5,599.00
2   2026-09-07 06:00:00   GOLD 4,429.38 4,434.06 4,421.16 4,423.44   -5.95     4.68  -5.94     2.27  9,876.00
3   2026-09-07 07:00:00   GOLD 4,423.53 4,429.60 4,410.10 4,412.78  -10.66     6.07 -10.76     2.68 19,794.00
4   2026-09-07 08:00:00   GOLD 4,412.75 4,416.87 4,389.59 4,409.22   -3.56     4.12  -3.53    19.63 48,327.00
5   2026-09-07 09:00:00   GOLD 4,409.23 4,419.02 4,403.09 4,408.91   -0.31     9.79  -0.32     5.82 26,179.00
6   2026-09-07 10:00:00   GOLD 4,408.99 4,410.70 4,401.26 4,404.28   -4.62     1.71  -4.71     3.02 17,061.00
7   2026-09-07 11:00:00   GOLD 4,404.27 4,407.45 4,394.58 4,398.15   -6.14     3.18  -6.12     3.57 11,049.00
8   2026-09-07 12:00:00   GOLD 4,398.16 4,413.31 4,393.25 4,394.23   -3.92    15.15  -3.94     0.98 18,474.00
9   2026-09-07 13:00:00   GOLD 4,394.26 4,399.86 4,385.33 4,392.91   -1.32     5.61  -1.35     7.58 26,649.00
10  2026-09-07 14:00:00   GOLD 4,392.94 4,406.83 4,391.85 4,406.45   13.54     0.38  13.51     1.09 27,689.00
11  2026-09-07 15:00:00   GOLD 4,406.35 4,423.89 4,405.27 4,411.01    4.56    12.88   4.65     1.08 23,430.00
12  2026-09-07 16:00:00   GOLD 4,411.06 4,413.89 4,403.69 4,405.74   -5.26     2.83  -5.31     2.05 14,229.00
13  2026-09-07 17:00:00   GOLD 4,405.65 4,406.35 4,388.11 4,391.69  -14.05     0.71 -13.95     3.59 15,568.00
14  2026-09-07 18:00:00   GOLD 4,391.68 4,394.98 4,381.24 4,385.33   -6.36     3.30  -6.35     4.09 23,752.00
15  2026-09-07 19:00:00   GOLD 4,385.34 4,398.17 4,385.34 4,396.85   11.52     1.32  11.51     0.00 12,402.00
16  2026-09-07 20:00:00   GOLD 4,396.74 4,407.85 4,395.47 4,402.43    5.59     5.42   5.69     1.27 19,412.00
17  2026-09-07 21:00:00   GOLD 4,402.44 4,419.65 4,401.16 4,416.03   13.60     3.62  13.59     1.28 25,125.00
18  2026-09-07 22:00:00   GOLD 4,416.05 4,416.70 4,408.90 4,414.53   -1.51     0.66  -1.52     5.62 18,725.00
19  2026-09-07 23:00:00   GOLD 4,414.52 4,417.40 4,411.97 4,414.57    0.05     2.82   0.06     2.55  6,093.00
20  2026-09-08 00:00:00   GOLD 4,414.57 4,415.19 4,407.12 4,407.18   -7.40     0.62  -7.39     0.05  5,629.00
21  2026-09-08 01:00:00   GOLD 4,407.18 4,409.19 4,403.13 4,406.06   -1.11     2.01  -1.12     2.93  3,986.00
22  2026-09-08 05:00:00   GOLD 4,412.87 4,413.60 4,406.30 4,407.65    1.58     0.73  -5.22     1.35  4,981.00
23  2026-09-08 06:00:00   GOLD 4,407.27 4,428.17 4,407.24 4,423.09   15.44     5.09  15.82     0.02 16,204.00
24  2026-09-08 07:00:00   GOLD 4,423.15 4,430.32 4,415.22 4,426.26    3.17     4.07   3.11     7.93 39,128.00
25  2026-09-08 08:00:00   GOLD 4,426.24 4,440.81 4,417.19 4,437.24   10.99     3.57  11.01     9.05 44,715.00
26  2026-09-08 09:00:00   GOLD 4,437.33 4,438.78 4,421.30 4,424.41  -12.84     1.45 -12.92     3.11 23,398.00
27  2026-09-08 10:00:00   GOLD 4,424.40 4,440.23 4,422.75 4,437.88   13.47     2.36  13.47     1.65 19,862.00
28  2026-09-08 11:00:00   GOLD 4,437.97 4,442.98 4,431.69 4,436.00   -1.88     5.01  -1.97     4.31 12,115.00
29  2026-09-08 12:00:00   GOLD 4,435.98 4,437.77 4,417.60 4,419.68  -16.32     1.79 -16.31     2.08 23,992.00
30  2026-09-08 13:00:00   GOLD 4,419.60 4,420.36 4,398.32 4,403.71  -15.97     0.77 -15.89     5.39 45,898.00
31  2026-09-08 14:00:00   GOLD 4,403.70 4,409.47 4,390.19 4,392.58  -11.13     5.76 -11.12     2.39 31,134.00
32  2026-09-08 15:00:00   GOLD 4,392.57 4,398.67 4,388.01 4,394.19    1.61     4.48   1.61     4.56 41,530.00
33  2026-09-08 16:00:00   GOLD 4,394.19 4,405.73 4,390.90 4,403.04    8.85     2.69   8.85     3.29 24,573.00
34  2026-09-08 17:00:00   GOLD 4,403.03 4,407.02 4,393.69 4,395.30   -7.74     3.98  -7.73     1.61 20,817.00
35  2026-09-08 18:00:00   GOLD 4,395.30 4,408.01 4,391.16 4,406.48   11.18     1.52  11.19     4.13 23,456.00
36  2026-09-08 19:00:00   GOLD 4,406.43 4,411.90 4,385.48 4,411.73    5.24     0.17   5.30    20.95 45,598.00
37  2026-09-08 20:00:00   GOLD 4,411.73 4,413.23 4,390.49 4,395.65  -16.07     1.50 -16.08     5.16 53,730.00
38  2026-09-08 21:00:00   GOLD 4,395.64 4,403.72 4,389.30 4,398.85    3.19     4.87   3.21     6.34 65,385.00
39  2026-09-08 22:00:00   GOLD 4,398.85 4,409.31 4,394.74 4,394.77   -4.08    10.46  -4.09     0.03 29,308.00
40  2026-09-08 23:00:00   GOLD 4,394.77 4,398.56 4,380.65 4,393.72   -1.05     3.79  -1.05    13.07 38,342.00
41  2026-09-09 00:00:00   GOLD 4,393.76 4,403.73 4,385.41 4,390.15   -3.57     9.97  -3.61     4.74 30,602.00
42  2026-09-09 01:00:00   GOLD 4,390.15 4,390.48 4,358.34 4,375.74  -14.41     0.34 -14.41    17.40 51,507.00
43  2026-09-09 02:00:00   GOLD 4,375.69 4,377.46 4,356.80 4,359.51  -16.23     1.77 -16.19     2.70 36,930.00
44  2026-09-09 03:00:00   GOLD 4,359.48 4,364.47 4,345.06 4,355.70   -3.80     4.98  -3.78    10.64 12,932.00
45  2026-09-09 05:00:00   GOLD 4,357.66 4,357.92 4,350.74 4,354.34   -1.37     0.26  -3.32     3.60  8,816.00
46  2026-09-09 06:00:00   GOLD 4,354.32 4,360.03 4,349.28 4,350.10   -4.23     5.72  -4.22     0.82 11,257.00
47  2026-09-09 07:00:00   GOLD 4,350.15 4,365.59 4,341.26 4,364.77   14.67     0.82  14.62     8.89 33,475.00
48  2026-09-09 08:00:00   GOLD 4,364.80 4,378.34 4,354.22 4,373.82    9.05     4.52   9.02    10.57 35,290.00
49  2026-09-09 09:00:00   GOLD 4,373.92 4,384.58 4,367.35 4,382.38    8.56     2.20   8.45     6.57 25,060.00
50  2026-09-09 10:00:00   GOLD 4,382.30 4,382.93 4,375.24 4,375.26   -7.11     0.63  -7.03     0.02 15,685.00
51  2026-09-09 11:00:00   GOLD 4,375.24 4,382.61 4,370.78 4,381.64    6.38     0.97   6.40     4.47 13,961.00
52  2026-09-09 12:00:00   GOLD 4,381.73 4,401.08 4,380.38 4,398.84   17.20     2.24  17.11     1.35 20,174.00
53  2026-09-09 13:00:00   GOLD 4,398.89 4,406.19 4,395.36 4,400.66    1.82     5.53   1.77     3.53 20,647.00
54  2026-09-09 14:00:00   GOLD 4,400.66 4,413.01 4,399.38 4,409.28    8.62     3.73   8.61     1.28 25,807.00
55  2026-09-09 15:00:00   GOLD 4,409.32 4,411.98 4,399.07 4,400.69   -8.59     2.66  -8.62     1.62 23,046.00
56  2026-09-09 16:00:00   GOLD 4,400.77 4,402.32 4,388.80 4,390.86   -9.84     1.56  -9.91     2.06 19,027.00
57  2026-09-09 17:00:00   GOLD 4,390.85 4,403.20 4,386.34 4,399.66    8.81     3.54   8.81     4.52 26,808.00
58  2026-09-09 18:00:00   GOLD 4,399.65 4,415.36 4,399.65 4,407.48    7.81     7.89   7.83     0.00 31,352.00
59  2026-09-09 19:00:00   GOLD 4,407.50 4,409.44 4,391.00 4,400.19   -7.29     1.94  -7.31     9.19 39,213.00
60  2026-09-09 20:00:00   GOLD 4,400.18 4,434.18 4,398.65 4,415.25   15.06    18.93  15.07     1.53 58,620.00
61  2026-09-09 21:00:00   GOLD 4,415.12 4,428.85 4,409.94 4,418.85    3.60     9.99   3.73     5.18 59,652.00
62  2026-09-09 22:00:00   GOLD 4,418.79 4,432.39 4,375.15 4,398.52  -20.33    13.60 -20.27    23.37 96,550.00
63  2026-09-09 23:00:00   GOLD 4,398.53 4,410.43 4,391.54 4,409.39   10.86     1.04  10.86     6.99 47,033.00
64  2026-09-10 00:00:00   GOLD 4,409.50 4,420.56 4,408.84 4,416.11    6.73     4.45   6.61     0.66 38,022.00
65  2026-09-10 01:00:00   GOLD 4,416.18 4,421.65 4,401.77 4,403.20  -12.91     5.47 -12.98     1.43 25,637.00
66  2026-09-10 02:00:00   GOLD 4,403.26 4,405.01 4,395.73 4,399.24   -3.96     1.74  -4.02     3.51 20,288.00
67  2026-09-10 03:00:00   GOLD 4,399.22 4,402.11 4,393.59 4,402.11    2.88     0.00   2.90     5.62  6,112.00
68  2026-09-10 05:00:00   GOLD 4,405.28 4,406.10 4,397.76 4,399.77   -2.35     0.82  -5.51     2.01  8,771.00
69  2026-09-10 06:00:00   GOLD 4,399.58 4,403.24 4,393.28 4,394.27   -5.49     3.66  -5.31     0.99  9,295.00
70  2026-09-10 07:00:00   GOLD 4,394.31 4,404.87 4,389.73 4,401.15    6.88     3.72   6.84     4.58 15,154.00
71  2026-09-10 08:00:00   GOLD 4,401.05 4,419.24 4,400.19 4,412.43   11.28     6.81  11.38     0.86 45,020.00
72  2026-09-10 09:00:00   GOLD 4,412.43 4,421.01 4,408.23 4,419.56    7.14     1.45   7.13     4.20 30,085.00
73  2026-09-10 10:00:00   GOLD 4,419.58 4,421.17 4,406.90 4,409.26  -10.31     1.59 -10.32     2.35 25,095.00
74  2026-09-10 11:00:00   GOLD 4,409.31 4,415.65 4,405.73 4,408.68   -0.58     6.34  -0.64     2.95 14,040.00
75  2026-09-10 12:00:00   GOLD 4,408.73 
4,431.20 4,408.35 4,431.17   22.49     0.03  22.44     0.38 31,978.00
76  2026-09-10 13:00:00   GOLD 4,431.12 4,435.05 4,410.99 4,425.23   -5.94     3.92  -5.90    14.23 40,382.00
77  2026-09-10 14:00:00   GOLD 4,425.20 4,425.44 4,404.23 4,411.86  -13.37     0.23 -13.35     7.63 34,100.00
78  2026-09-10 15:00:00   GOLD 4,411.81 4,412.85 4,392.58 4,395.05  -16.81     1.05 -16.76     2.47 31,379.00
79  2026-09-10 16:00:00   GOLD 4,395.02 4,397.02 4,388.40 4,394.08   -0.97     2.01  -0.94     5.68 22,494.00
80  2026-09-10 17:00:00   GOLD 4,394.03 4,400.24 4,375.24 4,379.00  -15.08     6.21 -15.03     3.76 43,896.00
81  2026-09-10 18:00:00   GOLD 4,379.00 4,391.02 4,374.10 4,374.57   -4.43    12.02  -4.43     0.47 42,845.00
82  2026-09-10 19:00:00   GOLD 4,374.56 4,378.06 4,324.17 4,340.20  -34.37     3.49 -34.36    16.03 90,722.00
83  2026-09-10 20:00:00   GOLD 4,340.22 4,376.05 4,339.33 4,365.98   25.78    10.06  25.77     0.89 93,573.00
84  2026-09-10 21:00:00   GOLD 4,365.94 4,376.45 4,354.03 4,358.15   -7.84    10.51  -7.79     4.12 78,768.00
85  2026-09-10 22:00:00   GOLD 4,358.15 4,372.14 4,352.73 4,365.84    7.69     6.30   7.69     5.42 57,584.00
86  2026-09-10 23:00:00   GOLD 4,365.83 4,370.16 4,354.07 4,364.14   -1.70     4.33  -1.69    10.07 53,448.00
87  2026-09-11 00:00:00   GOLD 4,364.24 4,367.83 4,351.28 4,352.70  -11.44     3.59 -11.53     1.43 41,436.00
88  2026-09-11 01:00:00   GOLD 4,352.76 4,356.18 4,330.03 4,333.11  -19.59     3.41 -19.65     3.09 46,521.00
89  2026-09-11 02:00:00   GOLD 4,333.09 4,333.09 4,313.85 4,324.52   -8.60     0.00  -8.57    10.66 45,620.00
90  2026-09-11 03:00:00   GOLD 4,324.53 4,324.53 4,314.65 4,317.02   -7.49     0.00  -7.51     2.38 14,414.00
91  2026-09-11 05:00:00   GOLD 4,322.94 4,324.06 4,313.77 4,318.62    1.60     1.12  -4.32     4.85 10,740.00
92  2026-09-11 06:00:00   GOLD 4,318.53 4,320.66 4,311.35 4,315.38   -3.24     2.13  -3.15     4.03 14,954.00
93  2026-09-11 07:00:00   GOLD 4,315.39 4,334.05 4,312.73 4,332.32   16.94     1.73  16.93     2.66 42,673.00
94  2026-09-11 08:00:00   GOLD 4,332.31 4,340.60 4,320.89 4,329.53   -2.79     8.29  -2.78     8.64 46,216.00
95  2026-09-11 09:00:00   GOLD 4,329.51 4,334.52 4,315.94 4,322.76   -6.77     5.01  -6.75     6.81 41,683.00
96  2026-09-11 10:00:00   GOLD 4,322.70 4,326.49 4,300.80 4,304.19  -18.57     3.80 -18.51     3.39 37,248.00
97  2026-09-11 11:00:00   GOLD 4,304.19 4,335.31 4,302.14 4,331.76   27.57     3.56  27.57     2.05 29,403.00
98  2026-09-11 12:00:00   GOLD 4,331.76 4,352.03 4,328.32 4,346.17   14.41     5.86  14.41     3.44 37,822.00
99  2026-09-11 13:00:00   GOLD 4,346.22 4,361.15 4,345.77 4,352.88    6.71     8.27   6.66     0.45 23,077.00

==================================================
      HOÀN THÀNH PHÂN TÍCH          
==================================================
