==================================================
      VNSTOCK 4.x OPTIMIZED ANALYZER
      Danh sách: GOLD
      Khung: 4H, Số lượng: 100
==================================================

==================================================
      PHÂN TÍCH MÃ: GOLD (Gold / USD (TradingView)) 
      Khung thời gian: 4H
==================================================

--- [ LỊCH SỬ GIÁ GOLD  ] ---
                   time symbol     open     high      low    close  change  wick_up   body  wick_dn     volume
0   2026-07-14 20:00:00   GOLD 4,076.34 4,100.69 4,057.81 4,061.62  -14.60    24.35 -14.71     3.82 280,344.00
1   2026-07-15 00:00:00   GOLD 4,061.61 4,065.17 4,042.89 4,052.78   -8.85     3.57  -8.83     9.89  93,578.00
2   2026-07-15 04:00:00   GOLD 4,053.22 4,060.84 4,046.93 4,059.30    6.52     1.55   6.08     6.29  41,932.00
3   2026-07-15 08:00:00   GOLD 4,059.28 4,062.12 4,028.10 4,033.24  -26.05     2.84 -26.04     5.14  89,546.00
4   2026-07-15 12:00:00   GOLD 4,033.32 4,037.16 4,017.47 4,031.35   -1.89     3.84  -1.97    13.88 104,995.00
5   2026-07-15 16:00:00   GOLD 4,031.39 4,071.59 4,025.61 4,067.85   36.50     3.74  36.46     5.78 104,830.00
6   2026-07-15 20:00:00   GOLD 4,068.05 4,074.18 4,026.95 4,033.83  -34.02     6.13 -34.22     6.88 207,226.00
7   2026-07-16 00:00:00   GOLD 4,033.82 4,081.52 4,033.11 4,060.70   26.87    20.82  26.88     0.71 118,232.00
8   2026-07-16 04:00:00   GOLD 4,060.64 4,064.71 4,043.74 4,044.61  -16.09     4.07 -16.03     0.86  44,890.00
9   2026-07-16 08:00:00   GOLD 4,044.59 4,050.74 4,024.27 4,033.30  -11.30     6.14 -11.29     9.03 133,149.00
10  2026-07-16 12:00:00   GOLD 4,033.30 4,036.64 4,023.03 4,035.29    1.99     1.36   1.99    10.27 113,646.00
11  2026-07-16 16:00:00   GOLD 4,035.30 4,043.36 3,990.58 3,992.54  -42.75     8.07 -42.76     1.96 140,620.00
12  2026-07-16 20:00:00   GOLD 3,992.55 4,017.03 3,973.80 3,992.05   -0.49    24.48  -0.50    18.25 233,497.00
13  2026-07-17 00:00:00   GOLD 3,992.09 3,992.99 3,969.34 3,976.58  -15.47     0.90 -15.51     7.24 149,273.00
14  2026-07-17 04:00:00   GOLD 3,979.26 3,992.06 3,973.36 3,992.00   15.42     0.06  12.74     5.90  70,303.00
15  2026-07-17 08:00:00   GOLD 3,991.97 4,008.80 3,970.74 3,981.97  -10.03    16.82 -10.01    11.23 144,105.00
16  2026-07-17 12:00:00   GOLD 3,981.97 4,007.30 3,975.30 3,994.26   12.30    13.03  12.30     6.67 152,532.00
17  2026-07-17 16:00:00   GOLD 3,994.26 4,002.45 3,964.16 3,966.32  -27.94     8.20 -27.93     2.16 128,396.00
18  2026-07-17 20:00:00   GOLD 3,966.34 4,023.84 3,959.80 4,014.98   48.66     8.86  48.64     6.54 327,167.00
19  2026-07-18 00:00:00   GOLD 4,015.09 4,019.27 4,002.42 4,017.32    2.34     1.95   2.22    12.67 130,078.00
20  2026-07-20 04:00:00   GOLD 3,995.57 4,010.32 3,982.63 4,008.70   -8.62     1.63  13.12    12.94  78,602.00
21  2026-07-20 08:00:00   GOLD 4,008.73 4,028.94 3,995.82 4,018.93   10.24    10.01  10.20    12.91 149,870.00
22  2026-07-20 12:00:00   GOLD 4,019.04 4,030.88 4,002.18 4,019.03    0.10    11.84  -0.01    16.85 119,170.00
23  2026-07-20 16:00:00   GOLD 4,019.01 4,040.82 4,006.51 4,008.16  -10.87    21.81 -10.84     1.66 125,791.00
24  2026-07-20 20:00:00   GOLD 4,008.18 4,019.63 3,998.33 4,009.78    1.61     9.86   1.60     9.85 174,390.00
25  2026-07-21 00:00:00   GOLD 4,009.77 4,018.03 4,003.41 4,007.59   -2.19     8.26  -2.18     4.18 102,465.00
26  2026-07-21 04:00:00   GOLD 4,008.11 4,027.22 3,999.91 4,024.80   17.22     2.42  16.70     8.19  73,738.00
27  2026-07-21 08:00:00   GOLD 4,024.81 4,051.92 4,018.46 4,049.67   24.87     2.25  24.86     6.35 100,340.00
28  2026-07-21 12:00:00   GOLD 4,049.68 4,084.30 4,046.38 4,062.88   13.20    21.43  13.20     3.30 100,999.00
29  2026-07-21 16:00:00   GOLD 4,062.92 4,070.24 4,051.26 4,054.00   -8.88     7.32  -8.92     2.74  87,867.00
30  2026-07-21 20:00:00   GOLD 4,053.90 4,083.41 4,044.72 4,071.55   17.55    11.85  17.65     9.18 158,583.00
31  2026-07-22 00:00:00   GOLD 4,071.55 4,087.14 4,066.83 4,077.32    5.77     9.81   5.77     4.72  72,240.00
32  2026-07-22 04:00:00   GOLD 4,078.68 4,102.57 4,076.76 4,097.58   20.26     4.99  18.90     1.92  54,984.00
33  2026-07-22 08:00:00   GOLD 4,097.67 4,141.72 4,096.78 4,126.99   29.41    14.72  29.32     0.89 121,933.00
34  2026-07-22 12:00:00   GOLD 4,127.01 4,135.41 4,109.40 4,118.28   -8.72     8.40  -8.73     8.88 120,547.00
35  2026-07-22 16:00:00   GOLD 4,118.31 4,134.46 4,106.72 4,113.16   -5.12    16.15  -5.15     6.44 106,267.00
36  2026-07-22 20:00:00   GOLD 4,113.15 4,166.13 4,112.93 4,146.84   33.68    19.29  33.69     0.22 176,281.00
37  2026-07-23 00:00:00   GOLD 4,146.83 4,147.93 4,128.42 4,129.76  -17.08     1.10 -17.07     1.34 103,552.00
38  2026-07-23 04:00:00   GOLD 4,119.64 4,134.67 4,116.73 4,132.15    2.39     2.52  12.51     2.91  64,285.00
39  2026-07-23 08:00:00   GOLD 4,131.85 4,141.27 4,112.31 4,121.27  -10.88     9.42 -10.59     8.95 117,850.00
40  2026-07-23 12:00:00   GOLD 4,121.26 4,130.62 4,087.11 4,093.52  -27.75     9.36 -27.74     6.41 122,815.00
41  2026-07-23 16:00:00   GOLD 4,093.54 4,099.63 4,061.20 4,061.85  -31.67     6.09 -31.69     0.65 138,626.00
42  2026-07-23 20:00:00   GOLD 4,061.82 4,067.41 4,040.18 4,051.53  -10.32     5.60 -10.28    11.35 212,366.00
43  2026-07-24 00:00:00   GOLD 4,051.53 4,054.58 4,040.74 4,049.78   -1.75     3.05  -1.75     9.04 102,164.00
44  2026-07-24 04:00:00   GOLD 4,048.88 4,051.01 4,041.38 4,049.88    0.10     1.13   1.01     7.50  32,902.00
45  2026-07-24 08:00:00   GOLD 4,049.89 4,050.39 4,023.04 4,027.12  -22.76     0.50 -22.77     4.08  96,655.00
46  2026-07-24 12:00:00   GOLD 4,027.13 4,058.78 4,022.06 4,057.65   30.53     1.12  30.52     5.07 103,371.00
47  2026-07-24 16:00:00   GOLD 4,057.64 4,064.03 4,051.49 4,056.09   -1.56     6.38  -1.55     4.61  71,024.00
48  2026-07-24 20:00:00   GOLD 4,056.07 4,082.16 4,044.81 4,067.18   11.08    14.98  11.11    11.26 161,837.00
49  2026-07-25 00:00:00   GOLD 4,067.18 4,069.96 4,049.38 4,052.84  -14.33     2.78 -14.34     3.46  61,702.00
50  2026-07-27 04:00:00   GOLD 4,090.16 4,116.19 4,083.80 4,100.81   47.97    15.37  10.65     6.36  66,596.00
51  2026-07-27 08:00:00   GOLD 4,100.83 4,112.48 4,085.23 4,090.39  -10.42    11.65 -10.44     5.16 103,876.00
52  2026-07-27 12:00:00   GOLD 4,090.39 4,106.24 4,084.49 4,095.28    4.89    10.96   4.89     5.91  84,030.00
53  2026-07-27 16:00:00   GOLD 4,095.22 4,104.20 4,081.73 4,083.82  -11.46     8.99 -11.39     2.09  87,436.00
54  2026-07-27 20:00:00   GOLD 4,083.88 4,094.11 4,065.41 4,082.56   -1.26    10.23  -1.32    17.14 175,722.00
55  2026-07-28 00:00:00   GOLD 4,082.57 4,089.49 4,070.78 4,076.43   -6.13     6.92  -6.14     5.64  88,969.00
56  2026-07-28 04:00:00   GOLD 4,080.68 4,081.41 4,057.66 4,058.24  -18.18     0.73 -22.44     0.58  47,493.00
57  2026-07-28 08:00:00   GOLD 4,058.23 4,060.43 4,040.45 4,042.30  -15.94     2.20 -15.93     1.85 100,459.00
58  2026-07-28 12:00:00   GOLD 4,042.30 4,055.21 4,034.80 4,045.56    3.26     9.65   3.26     7.51 109,048.00
59  2026-07-28 16:00:00   GOLD 4,045.46 4,045.95 4,017.11 4,029.69  -15.87     0.49 -15.77    12.58 124,943.00
60  2026-07-28 20:00:00   GOLD 4,029.74 4,047.20 4,011.76 4,037.61    7.91     9.59   7.87    17.97 191,093.00
61  2026-07-29 00:00:00   GOLD 4,037.69 4,041.73 4,021.72 4,028.67   -8.93     4.04  -9.02     6.95 110,958.00
62  2026-07-29 04:00:00   GOLD 4,026.57 4,029.82 4,013.97 4,022.08   -6.59     3.25  -4.49     8.11  64,287.00
63  2026-07-29 08:00:00   GOLD 4,022.07 4,038.08 4,010.41 4,027.40    5.32    10.68   5.33    11.66 118,888.00
64  2026-07-29 12:00:00   GOLD 4,027.43 4,047.88 4,026.74 4,037.64   10.24    10.24  10.21     0.69  79,998.00
65  2026-07-29 16:00:00   GOLD 4,037.73 4,038.38 4,009.39 4,022.65  -14.99     0.65 -15.08    13.26  91,718.00
66  2026-07-29 20:00:00   GOLD 4,022.82 4,032.91 3,996.05 4,027.46    4.81     5.45   4.64    26.77 172,015.00
67  2026-07-30 00:00:00   GOLD 4,027.45 4,116.41 4,027.41 4,066.34   38.88    50.07  38.89     0.05 356,636.00
68  2026-07-30 04:00:00   GOLD 4,074.84 4,100.48 4,064.51 4,072.27    5.93    25.64  -2.57     7.76  95,414.00
69  2026-07-30 08:00:00   GOLD 4,072.28 4,092.95 4,044.34 4,046.05  -26.22    20.67 -26.24     1.70 142,771.00
70  2026-07-30 12:00:00   GOLD 4,046.05 4,073.01 4,028.69 4,061.49   15.44    11.52  15.44    17.36 167,941.00
71  2026-07-30 16:00:00   GOLD 4,061.49 4,086.78 4,060.30 4,069.03    7.54    17.75   7.55     1.18 162,787.00
72  2026-07-30 20:00:00   GOLD 4,069.04 4,120.49 4,065.32 4,110.78   41.75     9.72  41.74     3.72 290,062.00
73  2026-07-31 00:00:00   GOLD 4,110.75 4,117.52 4,098.51 4,103.27   -7.51     6.77  -7.48     4.77 145,929.00
74  2026-07-31 04:00:00   GOLD 4,103.36 4,112.01 4,090.59 4,094.86   -8.42     8.65  -8.50     4.27  41,767.00
75  2026-07-31 08:00:00   GOLD 4,094.84 4,101.71 4,072.14 4,080.16  -14.70     6.88 -14.68     8.01  76,005.00
76  2026-07-31 12:00:00   GOLD 4,080.17 4,087.66 4,054.18 4,060.98  -19.18     7.49 -19.19     6.80 106,919.00
77  2026-07-31 16:00:00   GOLD 4,060.89 4,064.11 4,040.57 4,040.76  -20.22     3.22 -20.13     0.19 106,795.00
78  2026-07-31 20:00:00   GOLD 4,040.75 4,052.70 4,020.97 4,043.41    2.65     9.28   2.66    19.78 215,335.00
79  2026-08-01 00:00:00   GOLD 4,043.41 4,055.66 4,041.60 4,045.16    1.75    10.50   1.76     1.81  93,140.00
80  2026-08-03 04:00:00   GOLD 4,075.05 4,079.18 4,055.88 4,057.35   12.18     4.13 -17.70     1.47  75,801.00
81  2026-08-03 08:00:00   GOLD 4,057.36 4,072.05 4,047.34 4,064.05    6.70     8.01   6.69    10.01  97,698.00
82  2026-08-03 12:00:00   GOLD 4,063.99 4,072.18 4,052.19 4,059.42   -4.62     8.20  -4.57     7.23  94,972.00
83  2026-08-03 16:00:00   GOLD 4,059.43 4,064.74 4,042.34 4,047.85  -11.57     5.31 -11.58     5.51 102,189.00
84  2026-08-03 20:00:00   GOLD 4,047.86 4,053.86 4,019.24 4,037.03  -10.82     5.99 -10.83    17.79 157,320.00
85  2026-08-04 00:00:00   GOLD 4,037.06 4,058.22 4,029.68 4,055.33   18.30     2.89  18.27     7.38  60,942.00
86  2026-08-04 04:00:00   GOLD 4,052.12 4,069.47 4,048.64 4,049.43   -5.90    17.35  -2.69     0.79  31,447.00
87  2026-08-04 08:00:00   GOLD 4,049.34 4,066.43 4,042.72 4,063.76   14.34     2.66  14.42     6.62  68,846.00
88  2026-08-04 12:00:00   GOLD 4,063.78 4,072.97 4,054.45 4,055.19   -8.57     9.18  -8.59     0.74  75,525.00
89  2026-08-04 16:00:00   GOLD 4,055.16 4,084.56 4,045.62 4,070.95   15.76    13.61  15.79     9.54 118,524.00
90  2026-08-04 20:00:00   GOLD 4,070.93 4,093.88 4,061.23 4,093.41   22.46     0.47  22.48     9.70 167,438.00
91  2026-08-05 00:00:00   GOLD 4,093.36 4,106.48 4,074.69 4,077.05  -16.36    13.12 -16.31     2.36  83,286.00
92  2026-08-05 04:00:00   GOLD 4,078.39 4,085.87 4,065.33 4,082.55    5.50     3.32   4.16    13.06  41,389.00
93  2026-08-05 08:00:00   GOLD 4,082.57 4,141.51 4,077.72 4,135.60   53.05     5.91  53.03     4.85 106,994.00
94  2026-08-05 12:00:00   GOLD 4,135.57 4,179.56 4,134.89 4,160.52   24.92    19.04  24.94     0.69 138,231.00
95  2026-08-05 16:00:00   GOLD 4,160.64 4,213.54 4,150.28 4,183.98   23.47    29.56  23.34    10.36 136,210.00
96  2026-08-05 20:00:00   GOLD 4,183.97 4,265.29 4,183.80 4,242.26   58.28    23.03  58.30     0.17 279,460.00
97  2026-08-06 00:00:00   GOLD 4,242.33 4,268.09 4,237.00 4,247.27    5.01    20.82   4.94     5.33 113,048.00
98  2026-08-06 04:00:00   GOLD 4,249.50 4,300.39 4,245.82 4,294.98   47.71     5.41  45.48     3.68  74,113.00
99  2026-08-06 08:00:00   GOLD 4,294.99 4,302.74 4,287.99 4,289.28   -5.70     7.75  -5.71     1.29  11,391.00

==================================================
      HOÀN THÀNH PHÂN TÍCH          
==================================================
