
  ╭──────────────────────────────────────────────────────────╮
  │  ⚠️  VNSTOCK DEPRECATION NOTICE (31/08/2025)             │
  │                                                          │
  │  Lớp Vnstock và các phương thức cũ (stock, fx, crypto,   │
  │  world_index, fund...) đã chính thức bị ngừng hỗ trợ.    │
  │                                                          │
  │  Để hệ thống ổn định và nhận được cập nhật mới nhất,     │
  │  vui lòng chuyển sang dùng bộ thư viện `vnstock.api`.    │
  │                                                          │
  │  👉 Xem hướng dẫn Migration: /vnstock-migration          │
  ╰──────────────────────────────────────────────────────────╯

Mẫu code chuyển đổi (Migration Example):
--------------------------------------
Cũ (Old):  stock = Vnstock().stock('ACB')
Mới (New): from vnstock.api.quote import Quote
          q = Quote(symbol='ACB', source='VCI')

==================================================
      VNSTOCK 4.x OPTIMIZED ANALYZER
      Danh sách: GOLD
      Khung: 30m, Số lượng: 100
==================================================

==================================================
      PHÂN TÍCH MÃ: GOLD (Gold / USD (TradingView)) 
      Khung thời gian: 30m
==================================================

--- [ LỊCH SỬ GIÁ GOLD  ] ---
                   time symbol     open     high      low    close  change  pct_change    volume
0   2026-06-18 00:00:00   GOLD 4,359.51 4,364.01 4,355.34 4,361.35    1.84        0.04 11,253.00
1   2026-06-18 00:30:00   GOLD 4,361.41 4,382.61 4,360.93 4,379.55   18.20        0.42 21,823.00
2   2026-06-18 01:00:00   GOLD 4,379.51 4,379.51 4,277.31 4,292.86  -86.69       -1.98 85,558.00
3   2026-06-18 01:30:00   GOLD 4,292.88 4,332.59 4,270.20 4,286.52   -6.34       -0.15 97,888.00
4   2026-06-18 02:00:00   GOLD 4,286.53 4,295.70 4,226.45 4,227.06  -59.47       -1.39 80,001.00
5   2026-06-18 02:30:00   GOLD 4,227.07 4,247.19 4,219.16 4,236.06    9.00        0.21 70,069.00
6   2026-06-18 03:00:00   GOLD 4,235.99 4,269.85 4,235.20 4,258.27   22.22        0.52 26,733.00
7   2026-06-18 03:30:00   GOLD 4,258.31 4,265.43 4,256.07 4,257.65   -0.62       -0.01 12,087.00
8   2026-06-18 05:00:00   GOLD 4,257.68 4,271.65 4,257.68 4,267.19    9.54        0.22  8,781.00
9   2026-06-18 05:30:00   GOLD 4,267.18 4,271.02 4,260.49 4,267.02   -0.16       -0.00  7,221.00
10  2026-06-18 06:00:00   GOLD 4,267.00 4,283.89 4,264.24 4,280.19   13.16        0.31  9,567.00
11  2026-06-18 06:30:00   GOLD 4,280.12 4,282.88 4,268.10 4,278.08   -2.11       -0.05 10,264.00
12  2026-06-18 07:00:00   GOLD 4,278.09 4,301.66 4,276.62 4,300.59   22.51        0.53 22,212.00
13  2026-06-18 07:30:00   GOLD 4,300.56 4,315.39 4,299.94 4,308.39    7.80        0.18 18,402.00
14  2026-06-18 08:00:00   GOLD 4,308.35 4,328.55 4,306.83 4,319.25   10.86        0.25 25,887.00
15  2026-06-18 08:30:00   GOLD 4,319.32 4,326.21 4,316.86 4,318.05   -1.20       -0.03 14,773.00
16  2026-06-18 09:00:00   GOLD 4,318.05 4,329.86 4,316.32 4,324.43    6.39        0.15 10,729.00
17  2026-06-18 09:30:00   GOLD 4,324.42 4,325.41 4,310.36 4,310.96  -13.47       -0.31 14,856.00
18  2026-06-18 10:00:00   GOLD 4,310.94 4,317.00 4,309.23 4,314.90    3.94        0.09  9,723.00
19  2026-06-18 10:30:00   GOLD 4,314.92 4,322.73 4,313.53 4,319.64    4.73        0.11  6,740.00
20  2026-06-18 11:00:00   GOLD 4,319.74 4,324.06 4,311.63 4,313.59   -6.05       -0.14  6,377.00
21  2026-06-18 11:30:00   GOLD 4,313.55 4,318.55 4,309.82 4,315.68    2.09        0.05  6,804.00
22  2026-06-18 12:00:00   GOLD 4,315.69 4,323.21 4,312.37 4,323.04    7.36        0.17  7,244.00
23  2026-06-18 12:30:00   GOLD 4,322.97 4,324.91 4,301.35 4,308.10  -14.94       -0.35 18,579.00
24  2026-06-18 13:00:00   GOLD 4,308.14 4,310.03 4,296.23 4,305.23   -2.88       -0.07 18,562.00
25  2026-06-18 13:30:00   GOLD 4,305.20 4,307.58 4,299.16 4,306.66    1.43        0.03 13,565.00
26  2026-06-18 14:00:00   GOLD 4,306.68 4,309.38 4,300.29 4,307.94    1.28        0.03 11,007.00
27  2026-06-18 14:30:00   GOLD 4,307.92 4,307.92 4,287.44 4,288.65  -19.30       -0.45 14,306.00
28  2026-06-18 15:00:00   GOLD 4,288.66 4,293.02 4,284.06 4,285.11   -3.54       -0.08 15,442.00
29  2026-06-18 15:30:00   GOLD 4,285.09 4,290.07 4,265.60 4,266.97  -18.14       -0.42 15,028.00
30  2026-06-18 16:00:00   GOLD 4,267.03 4,273.19 4,259.88 4,266.48   -0.48       -0.01 16,150.00
31  2026-06-18 16:30:00   GOLD 4,266.47 4,273.36 4,263.47 4,268.64    2.16        0.05 11,314.00
32  2026-06-18 17:00:00   GOLD 4,268.61 4,272.98 4,262.01 4,269.73    1.09        0.03 16,883.00
33  2026-06-18 17:30:00   GOLD 4,269.74 4,270.96 4,254.85 4,255.66  -14.07       -0.33 12,710.00
34  2026-06-18 18:00:00   GOLD 4,255.69 4,255.99 4,240.62 4,249.21   -6.45       -0.15 18,259.00
35  2026-06-18 18:30:00   GOLD 4,249.16 4,250.35 4,240.07 4,242.04   -7.17       -0.17 16,903.00
36  2026-06-18 19:00:00   GOLD 4,242.03 4,269.23 4,240.55 4,255.94   13.90        0.33 22,087.00
37  2026-06-18 19:30:00   GOLD 4,255.64 4,258.69 4,241.11 4,246.79   -9.15       -0.21 23,362.00
38  2026-06-18 20:00:00   GOLD 4,246.77 4,263.43 4,245.09 4,263.15   16.36        0.39 21,930.00
39  2026-06-18 20:30:00   GOLD 4,263.11 4,276.74 4,250.77 4,256.76   -6.40       -0.15 45,339.00
40  2026-06-18 21:00:00   GOLD 4,256.80 4,257.98 4,237.27 4,244.28  -12.48       -0.29 40,368.00
41  2026-06-18 21:30:00   GOLD 4,244.31 4,254.70 4,240.48 4,252.35    8.07        0.19 30,468.00
42  2026-06-18 22:00:00   GOLD 4,252.36 4,254.85 4,234.35 4,235.74  -16.60       -0.39 31,042.00
43  2026-06-18 22:30:00   GOLD 4,235.73 4,236.76 4,223.20 4,226.69   -9.06       -0.21 31,246.00
44  2026-06-18 23:00:00   GOLD 4,226.75 4,233.47 4,221.97 4,225.11   -1.57       -0.04 24,320.00
45  2026-06-18 23:30:00   GOLD 4,225.19 4,229.48 4,214.16 4,219.65   -5.47       -0.13 23,411.00
46  2026-06-19 00:00:00   GOLD 4,219.68 4,231.62 4,218.81 4,226.27    6.62        0.16 20,873.00
47  2026-06-19 00:30:00   GOLD 4,226.32 4,233.23 4,222.48 4,230.29    4.02        0.10 15,090.00
48  2026-06-19 01:00:00   GOLD 4,230.31 4,233.23 4,225.46 4,226.35   -3.94       -0.09 17,284.00
49  2026-06-19 01:30:00   GOLD 4,226.37 4,226.38 4,218.34 4,218.60   -7.75       -0.18 17,310.00
50  2026-06-19 02:00:00   GOLD 4,218.72 4,219.29 4,201.92 4,205.23  -13.37       -0.32 21,366.00
51  2026-06-19 02:30:00   GOLD 4,205.23 4,218.69 4,201.49 4,217.20   11.97        0.28 19,517.00
52  2026-06-19 03:00:00   GOLD 4,217.21 4,219.69 4,215.19 4,218.97    1.76        0.04  7,484.00
53  2026-06-19 03:30:00   GOLD 4,218.98 4,218.98 4,207.69 4,208.99   -9.97       -0.24  7,273.00
54  2026-06-19 05:00:00   GOLD 4,204.63 4,210.09 4,202.69 4,204.06   -4.93       -0.12  3,734.00
55  2026-06-19 05:30:00   GOLD 4,203.96 4,210.69 4,203.06 4,207.54    3.48        0.08  4,285.00
56  2026-06-19 06:00:00   GOLD 4,207.59 4,208.55 4,193.80 4,197.38  -10.16       -0.24  9,329.00
57  2026-06-19 06:30:00   GOLD 4,197.06 4,199.26 4,186.94 4,188.44   -8.93       -0.21  8,395.00
58  2026-06-19 07:00:00   GOLD 4,188.44 4,198.24 4,184.07 4,185.10   -3.34       -0.08 17,005.00
59  2026-06-19 07:30:00   GOLD 4,185.09 4,192.46 4,184.41 4,190.62    5.52        0.13 11,557.00
60  2026-06-19 08:00:00   GOLD 4,190.62 4,194.66 4,184.12 4,190.91    0.29        0.01 10,632.00
61  2026-06-19 08:30:00   GOLD 4,190.94 4,190.98 4,184.16 4,184.99   -5.91       -0.14  7,353.00
62  2026-06-19 09:00:00   GOLD 4,184.95 4,186.34 4,175.30 4,179.51   -5.49       -0.13 13,379.00
63  2026-06-19 09:30:00   GOLD 4,179.50 4,183.76 4,171.95 4,176.43   -3.08       -0.07  6,790.00
64  2026-06-19 10:00:00   GOLD 4,176.40 4,177.35 4,165.24 4,167.35   -9.07       -0.22  9,575.00
65  2026-06-19 10:30:00   GOLD 4,167.51 4,167.98 4,146.05 4,153.68  -13.67       -0.33 10,882.00
66  2026-06-19 11:00:00   GOLD 4,153.69 4,155.33 4,141.61 4,146.78   -6.90       -0.17 14,798.00
67  2026-06-19 11:30:00   GOLD 4,146.77 4,147.65 4,125.23 4,125.69  -21.10       -0.51 12,971.00
68  2026-06-19 12:00:00   GOLD 4,125.63 4,134.63 4,121.95 4,133.78    8.09        0.20 13,822.00
69  2026-06-19 12:30:00   GOLD 4,133.77 4,141.84 4,130.66 4,139.77    5.99        0.14 11,485.00
70  2026-06-19 13:00:00   GOLD 4,139.77 4,148.39 4,133.90 4,142.14    2.37        0.06 14,982.00
71  2026-06-19 13:30:00   GOLD 4,142.13 4,150.87 4,133.06 4,147.77    5.63        0.14 13,263.00
72  2026-06-19 14:00:00   GOLD 4,147.66 4,160.34 4,147.66 4,152.52    4.75        0.11 12,312.00
73  2026-06-19 14:30:00   GOLD 4,152.52 4,163.35 4,151.28 4,158.22    5.69        0.14  9,803.00
74  2026-06-19 15:00:00   GOLD 4,158.22 4,177.73 4,155.44 4,176.26   18.04        0.43 14,789.00
75  2026-06-19 15:30:00   GOLD 4,176.30 4,178.52 4,164.64 4,169.32   -6.93       -0.17  9,629.00
76  2026-06-19 16:00:00   GOLD 4,169.31 4,171.08 4,162.12 4,162.85   -6.47       -0.16 10,382.00
77  2026-06-19 16:30:00   GOLD 4,162.89 4,167.45 4,161.18 4,163.02    0.17        0.00  6,708.00
78  2026-06-19 17:00:00   GOLD 4,163.03 4,163.28 4,152.79 4,153.85   -9.17       -0.22  8,452.00
79  2026-06-19 17:30:00   GOLD 4,153.84 4,155.31 4,148.20 4,149.84   -4.02       -0.10 10,639.00
80  2026-06-19 18:00:00   GOLD 4,149.72 4,150.31 4,142.69 4,144.38   -5.45       -0.13 10,379.00
81  2026-06-19 18:30:00   GOLD 4,144.34 4,155.10 4,142.03 4,152.71    8.33        0.20  9,769.00
82  2026-06-19 19:00:00   GOLD 4,152.81 4,160.39 4,151.31 4,151.89   -0.82       -0.02 11,168.00
83  2026-06-19 19:30:00   GOLD 4,151.92 4,180.12 4,147.44 4,179.07   27.18        0.65 22,002.00
84  2026-06-19 20:00:00   GOLD 4,179.06 4,183.12 4,162.07 4,164.12  -14.94       -0.36 23,230.00
85  2026-06-19 20:30:00   GOLD 4,164.12 4,168.26 4,150.56 4,151.54  -12.59       -0.30 14,273.00
86  2026-06-19 21:00:00   GOLD 4,151.52 4,154.77 4,143.76 4,149.27   -2.27       -0.05 11,774.00
87  2026-06-19 21:30:00   GOLD 4,149.27 4,151.50 4,142.55 4,149.48    0.21        0.01 13,192.00
88  2026-06-19 22:00:00   GOLD 4,149.48 4,154.15 4,148.18 4,151.47    1.98        0.05  9,250.00
89  2026-06-19 22:30:00   GOLD 4,151.53 4,153.68 4,147.84 4,151.25   -0.22       -0.01  7,414.00
90  2026-06-19 23:00:00   GOLD 4,151.24 4,151.28 4,144.32 4,147.13   -4.12       -0.10  7,387.00
91  2026-06-19 23:30:00   GOLD 4,147.14 4,157.98 4,147.11 4,155.40    8.27        0.20  9,137.00
92  2026-06-22 05:00:00   GOLD 4,157.10 4,160.11 4,147.90 4,152.24   -3.16       -0.08 10,547.00
93  2026-06-22 05:30:00   GOLD 4,152.27 4,157.10 4,150.32 4,156.44    4.19        0.10  6,775.00
94  2026-06-22 06:00:00   GOLD 4,156.43 4,164.94 4,154.06 4,156.94    0.51        0.01  9,841.00
95  2026-06-22 06:30:00   GOLD 4,156.94 4,156.97 4,136.69 4,140.39  -16.56       -0.40 13,056.00
96  2026-06-22 07:00:00   GOLD 4,140.40 4,170.76 4,140.10 4,167.59   27.20        0.66 27,327.00
97  2026-06-22 07:30:00   GOLD 4,167.63 4,201.24 4,165.62 4,201.19   33.60        0.81 18,862.00
98  2026-06-22 08:00:00   GOLD 4,201.27 4,221.37 4,200.90 4,207.22    6.03        0.14 41,517.00
99  2026-06-22 08:30:00   GOLD 4,207.23 4,207.23 4,190.85 4,190.85  -16.36       -0.39 22,168.00

==================================================
      HOÀN THÀNH PHÂN TÍCH          
==================================================
