==================================================
      VNSTOCK 4.x OPTIMIZED ANALYZER
      Danh sách: GOLD
      Khung: 1H, Số lượng: 200
==================================================

==================================================
      PHÂN TÍCH MÃ: GOLD (Gold / USD (TradingView)) 
      Khung thời gian: 1H
==================================================

--- [ LỊCH SỬ GIÁ GOLD  ] ---
                    time symbol     open     high      low    close  change  wick_up   body  wick_dn     volume
0    2026-07-24 18:00:00   GOLD 4,060.20 4,063.49 4,051.49 4,057.80   -2.41     3.30  -2.40     6.31  16,056.00
1    2026-07-24 19:00:00   GOLD 4,057.81 4,060.28 4,051.82 4,056.09   -1.70     2.47  -1.72     4.28  22,559.00
2    2026-07-24 20:00:00   GOLD 4,056.07 4,068.68 4,044.81 4,067.86   11.77     0.82  11.79    11.26  37,483.00
3    2026-07-24 21:00:00   GOLD 4,067.86 4,069.98 4,056.11 4,063.35   -4.51     2.12  -4.51     7.24  49,470.00
4    2026-07-24 22:00:00   GOLD 4,063.40 4,082.16 4,061.95 4,077.53   14.18     4.62  14.13     1.45  51,085.00
5    2026-07-24 23:00:00   GOLD 4,077.57 4,078.24 4,064.28 4,067.18  -10.36     0.67 -10.40     2.89  23,799.00
6    2026-07-25 00:00:00   GOLD 4,067.18 4,069.96 4,062.99 4,063.51   -3.67     2.78  -3.67     0.52  20,442.00
7    2026-07-25 01:00:00   GOLD 4,063.55 4,064.61 4,051.26 4,054.47   -9.04     1.06  -9.09     3.21  14,386.00
8    2026-07-25 02:00:00   GOLD 4,054.52 4,058.01 4,049.38 4,053.89   -0.57     3.49  -0.62     4.51  18,222.00
9    2026-07-25 03:00:00   GOLD 4,053.88 4,056.47 4,051.66 4,052.84   -1.05     2.59  -1.03     1.18   8,652.00
10   2026-07-27 05:00:00   GOLD 4,090.16 4,093.84 4,084.03 4,089.57   36.73     3.68  -0.59     5.54   9,873.00
11   2026-07-27 06:00:00   GOLD 4,089.80 4,096.52 4,083.80 4,094.11    4.54     2.41   4.32     5.99  13,222.00
12   2026-07-27 07:00:00   GOLD 4,094.11 4,116.19 4,090.64 4,100.81    6.70    15.37   6.71     3.47  43,501.00
13   2026-07-27 08:00:00   GOLD 4,100.83 4,112.48 4,097.13 4,110.26    9.44     2.22   9.43     3.70  47,331.00
14   2026-07-27 09:00:00   GOLD 4,110.30 4,111.10 4,093.75 4,093.76  -16.49     0.80 -16.54     0.01  22,455.00
15   2026-07-27 10:00:00   GOLD 4,093.68 4,095.95 4,085.23 4,091.05   -2.72     2.28  -2.63     5.82  19,019.00
16   2026-07-27 11:00:00   GOLD 4,091.05 4,092.93 4,087.08 4,090.39   -0.66     1.87  -0.66     3.31  15,071.00
17   2026-07-27 12:00:00   GOLD 4,090.39 4,094.99 4,084.49 4,093.36    2.97     1.62   2.97     5.91  24,322.00
18   2026-07-27 13:00:00   GOLD 4,093.33 4,099.36 4,091.36 4,096.02    2.66     3.34   2.69     1.97  17,928.00
19   2026-07-27 14:00:00   GOLD 4,095.98 4,106.24 4,088.64 4,088.89   -7.14    10.26  -7.09     0.25  22,238.00
20   2026-07-27 15:00:00   GOLD 4,088.98 4,096.98 4,087.24 4,095.28    6.39     1.70   6.30     1.74  19,542.00
21   2026-07-27 16:00:00   GOLD 4,095.22 4,100.38 4,090.57 4,096.14    0.86     4.24   0.93     4.64  17,961.00
22   2026-07-27 17:00:00   GOLD 4,096.12 4,102.45 4,086.62 4,099.62    3.48     2.82   3.51     9.50  19,014.00
23   2026-07-27 18:00:00   GOLD 4,099.66 4,104.20 4,093.70 4,094.01   -5.61     4.55  -5.64     0.32  21,277.00
24   2026-07-27 19:00:00   GOLD 4,094.03 4,097.85 4,081.73 4,083.82  -10.19     3.82 -10.21     2.09  29,184.00
25   2026-07-27 20:00:00   GOLD 4,083.88 4,089.59 4,070.49 4,074.45   -9.38     5.72  -9.43     3.95  52,010.00
26   2026-07-27 21:00:00   GOLD 4,074.48 4,079.23 4,065.41 4,076.34    1.89     2.89   1.86     9.07  52,723.00
27   2026-07-27 22:00:00   GOLD 4,076.32 4,080.05 4,071.91 4,078.62    2.28     1.43   2.30     4.40  33,451.00
28   2026-07-27 23:00:00   GOLD 4,078.62 4,094.11 4,077.97 4,082.56    3.94    11.55   3.93     0.66  37,538.00
29   2026-07-28 00:00:00   GOLD 4,082.57 4,082.57 4,070.78 4,076.51   -6.05     0.00  -6.06     5.72  29,818.00
30   2026-07-28 01:00:00   GOLD 4,076.51 4,079.58 4,073.00 4,078.01    1.50     1.57   1.49     3.51  28,267.00
31   2026-07-28 02:00:00   GOLD 4,078.04 4,089.49 4,076.22 4,083.50    5.49     5.99   5.46     1.82  23,590.00
32   2026-07-28 03:00:00   GOLD 4,083.53 4,084.21 4,075.32 4,076.43   -7.07     0.68  -7.11     1.10   7,294.00
33   2026-07-28 05:00:00   GOLD 4,080.68 4,081.41 4,071.16 4,074.32   -2.11     0.73  -6.36     3.16   7,723.00
34   2026-07-28 06:00:00   GOLD 4,074.22 4,075.14 4,070.03 4,073.39   -0.93     0.92  -0.83     3.35  10,144.00
35   2026-07-28 07:00:00   GOLD 4,073.36 4,074.26 4,057.66 4,058.24  -15.14     0.90 -15.12     0.58  29,626.00
36   2026-07-28 08:00:00   GOLD 4,058.23 4,060.43 4,042.77 4,045.23  -13.01     2.20 -13.00     2.46  42,111.00
37   2026-07-28 09:00:00   GOLD 4,045.24 4,049.22 4,040.93 4,042.11   -3.12     3.97  -3.13     1.18  25,131.00
38   2026-07-28 10:00:00   GOLD 4,042.11 4,051.24 4,040.45 4,049.61    7.50     1.62   7.50     1.66  18,196.00
39   2026-07-28 11:00:00   GOLD 4,049.61 4,049.70 4,041.39 4,042.30   -7.31     0.09  -7.30     0.91  15,021.00
40   2026-07-28 12:00:00   GOLD 4,042.30 4,046.62 4,034.80 4,045.20    2.89     1.43   2.90     7.51  31,843.00
41   2026-07-28 13:00:00   GOLD 4,045.20 4,052.41 4,043.01 4,048.43    3.23     3.98   3.23     2.18  25,140.00
42   2026-07-28 14:00:00   GOLD 4,048.39 4,052.43 4,046.24 4,047.39   -1.03     4.03  -1.00     1.16  19,330.00
43   2026-07-28 15:00:00   GOLD 4,047.36 4,055.21 4,041.72 4,045.56   -1.84     7.86  -1.80     3.84  32,735.00
44   2026-07-28 16:00:00   GOLD 4,045.46 4,045.95 4,019.57 4,023.42  -22.14     0.49 -22.04     3.85  27,154.00
45   2026-07-28 17:00:00   GOLD 4,023.49 4,028.63 4,017.11 4,026.67    3.25     1.96   3.18     6.38  34,087.00
46   2026-07-28 18:00:00   GOLD 4,026.66 4,032.55 4,023.28 4,028.19    1.52     4.36   1.53     3.38  31,086.00
47   2026-07-28 19:00:00   GOLD 4,028.20 4,038.22 4,022.97 4,029.69    1.50     8.53   1.49     5.23  32,616.00
48   2026-07-28 20:00:00   GOLD 4,029.74 4,036.04 4,020.33 4,022.11   -7.58     6.30  -7.63     1.78  43,790.00
49   2026-07-28 21:00:00   GOLD 4,022.16 4,033.60 4,011.76 4,024.38    2.26     9.22   2.22    10.39  61,571.00
50   2026-07-28 22:00:00   GOLD 4,024.43 4,047.20 4,022.16 4,046.13   21.76     1.07  21.70     2.27  57,978.00
51   2026-07-28 23:00:00   GOLD 4,046.14 4,046.68 4,036.72 4,037.61   -8.53     0.53  -8.54     0.89  27,754.00
52   2026-07-29 00:00:00   GOLD 4,037.69 4,041.73 4,025.76 4,027.93   -9.67     4.04  -9.76     2.18  33,670.00
53   2026-07-29 01:00:00   GOLD 4,027.99 4,030.58 4,021.72 4,023.15   -4.78     2.59  -4.84     1.43  35,253.00
54   2026-07-29 02:00:00   GOLD 4,023.19 4,028.07 4,021.93 4,026.47    3.32     1.61   3.28     1.26  30,635.00
55   2026-07-29 03:00:00   GOLD 4,026.45 4,030.55 4,022.60 4,028.67    2.20     1.88   2.22     3.86  11,400.00
56   2026-07-29 05:00:00   GOLD 4,026.57 4,028.16 4,013.97 4,018.44  -10.23     1.60  -8.12     4.47  10,700.00
57   2026-07-29 06:00:00   GOLD 4,018.45 4,026.34 4,015.21 4,024.95    6.51     1.40   6.50     3.24  18,198.00
58   2026-07-29 07:00:00   GOLD 4,024.99 4,029.82 4,017.57 4,022.08   -2.87     4.83  -2.91     4.51  35,389.00
59   2026-07-29 08:00:00   GOLD 4,022.07 4,030.68 4,010.41 4,026.16    4.08     4.52   4.09    11.66  53,634.00
60   2026-07-29 09:00:00   GOLD 4,026.16 4,038.08 4,023.26 4,029.43    3.28     8.64   3.27     2.90  26,589.00
61   2026-07-29 10:00:00   GOLD 4,029.42 4,032.84 4,023.25 4,023.73   -5.70     3.42  -5.69     0.48  19,646.00
62   2026-07-29 11:00:00   GOLD 4,023.74 4,027.84 4,020.66 4,027.40    3.67     0.44   3.66     3.08  18,991.00
63   2026-07-29 12:00:00   GOLD 4,027.43 4,040.15 4,026.74 4,033.14    5.74     7.01   5.71     0.69  23,032.00
64   2026-07-29 13:00:00   GOLD 4,033.14 4,044.84 4,033.08 4,041.25    8.11     3.59   8.11     0.06  21,089.00
65   2026-07-29 14:00:00   GOLD 4,041.20 4,047.88 4,041.20 4,043.82    2.57     4.06   2.62     0.00  21,016.00
66   2026-07-29 15:00:00   GOLD 4,043.82 4,044.55 4,035.67 4,037.64   -6.18     0.73  -6.18     1.97  14,861.00
67   2026-07-29 16:00:00   GOLD 4,037.73 4,038.38 4,031.36 4,032.70   -4.94     0.65  -5.03     1.34  18,634.00
68   2026-07-29 17:00:00   GOLD 4,032.68 4,034.57 4,026.07 4,027.53   -5.16     1.89  -5.14     1.47  17,101.00
69   2026-07-29 18:00:00   GOLD 4,027.55 4,036.20 4,025.11 4,032.84    5.31     3.35   5.29     2.45  16,715.00
70   2026-07-29 19:00:00   GOLD 4,032.85 4,033.50 4,009.39 4,022.65  -10.19     0.65 -10.20    13.26  39,268.00
71   2026-07-29 20:00:00   GOLD 4,022.82 4,026.57 4,002.60 4,007.45  -15.20     3.74 -15.38     4.85  50,832.00
72   2026-07-29 21:00:00   GOLD 4,007.45 4,010.22 3,996.05 4,004.88   -2.57     2.76  -2.58     8.82  55,457.00
73   2026-07-29 22:00:00   GOLD 4,004.93 4,013.82 4,003.40 4,009.97    5.10     3.84   5.05     1.53  31,299.00
74   2026-07-29 23:00:00   GOLD 4,010.01 4,032.91 4,007.63 4,027.46   17.49     5.45  17.45     2.38  34,427.00
75   2026-07-30 00:00:00   GOLD 4,027.45 4,050.74 4,027.41 4,044.28   16.82     6.46  16.83     0.05  55,068.00
76   2026-07-30 01:00:00   GOLD 4,044.29 4,110.12 4,042.78 4,106.75   62.47     3.37  62.46     1.51 125,139.00
77   2026-07-30 02:00:00   GOLD 4,106.74 4,116.41 4,044.38 4,044.74  -62.01     9.68 -62.00     0.36 128,852.00
78   2026-07-30 03:00:00   GOLD 4,044.74 4,070.20 4,042.95 4,066.34   21.60     3.86  21.60     1.78  47,577.00
79   2026-07-30 05:00:00   GOLD 4,074.84 4,090.65 4,064.51 4,088.58   22.24     2.07  13.74    10.34  18,877.00
80   2026-07-30 06:00:00   GOLD 4,088.61 4,100.48 4,084.40 4,084.59   -3.99    11.87  -4.02     0.19  27,485.00
81   2026-07-30 07:00:00   GOLD 4,084.62 4,086.74 4,064.96 4,072.27  -12.32     2.11 -12.36     7.31  49,052.00
82   2026-07-30 08:00:00   GOLD 4,072.28 4,092.95 4,070.36 4,084.59   12.32     8.36  12.31     1.92  53,839.00
83   2026-07-30 09:00:00   GOLD 4,084.46 4,090.45 4,063.43 4,063.71  -20.88     5.99 -20.75     0.28  36,807.00
84   2026-07-30 10:00:00   GOLD 4,063.70 4,070.34 4,050.81 4,058.88   -4.83     6.64  -4.82     8.07  28,561.00
85   2026-07-30 11:00:00   GOLD 4,058.94 4,060.39 4,044.34 4,046.05  -12.84     1.45 -12.89     1.70  23,564.00
86   2026-07-30 12:00:00   GOLD 4,046.05 4,051.45 4,028.69 4,033.82  -12.22     5.39 -12.23     5.13  43,737.00
87   2026-07-30 13:00:00   GOLD 4,033.72 4,040.63 4,029.40 4,036.54    2.72     4.09   2.82     4.32  36,133.00
88   2026-07-30 14:00:00   GOLD 4,036.57 4,051.43 4,035.41 4,038.93    2.39    12.49   2.36     1.16  37,943.00
89   2026-07-30 15:00:00   GOLD 4,038.82 4,073.01 4,036.81 4,061.49   22.55    11.52  22.66     2.01  50,128.00
90   2026-07-30 16:00:00   GOLD 4,061.49 4,073.16 4,060.30 4,063.41    1.92     9.75   1.92     1.18  35,651.00
91   2026-07-30 17:00:00   GOLD 4,063.49 4,083.23 4,063.07 4,078.16   14.75     5.07  14.66     0.43  39,550.00
92   2026-07-30 18:00:00   GOLD 4,078.11 4,082.95 4,075.77 4,077.82   -0.34     4.84  -0.29     2.05  32,215.00
93   2026-07-30 19:00:00   GOLD 4,077.79 4,086.78 4,067.28 4,069.03   -8.78     8.99  -8.76     1.75  55,371.00
94   2026-07-30 20:00:00   GOLD 4,069.04 4,112.82 4,065.32 4,112.34   43.31     0.48  43.30     3.72  97,083.00
95   2026-07-30 21:00:00   GOLD 4,112.41 4,120.49 4,087.20 4,100.01  -12.33     8.08 -12.40    12.82  93,353.00
96   2026-07-30 22:00:00   GOLD 4,100.07 4,110.23 4,083.27 4,108.25    8.24     1.98   8.18    16.80  56,921.00
97   2026-07-30 23:00:00   GOLD 4,108.20 4,119.28 4,106.65 4,110.78    2.53     8.51   2.58     1.55  42,705.00
98   2026-07-31 00:00:00   GOLD 4,110.75 4,111.32 4,098.51 4,102.77   -8.01     0.57  -7.98     4.26  43,931.00
99   2026-07-31 01:00:00   GOLD 4,102.75 4,107.85 4,098.78 4,099.74   -3.03     5.10  -3.01     0.95  35,271.00
100  2026-07-31 02:00:00   GOLD 4,099.74 4,115.38 4,098.77 4,112.06   12.32     3.31  12.32     0.97  43,877.00
101  2026-07-31 03:00:00   GOLD 4,112.20 4,117.52 4,099.23 4,103.27   -8.79     5.32  -8.93     4.04  22,850.00
102  2026-07-31 05:00:00   GOLD 4,103.36 4,111.45 4,102.63 4,109.39    6.11     2.07   6.03     0.73   8,160.00
103  2026-07-31 06:00:00   GOLD 4,109.34 4,112.01 4,102.35 4,105.98   -3.40     2.68  -3.35     3.64  10,184.00
104  2026-07-31 07:00:00   GOLD 4,106.06 4,107.23 4,090.59 4,094.86  -11.13     1.16 -11.21     4.27  23,423.00
105  2026-07-31 08:00:00   GOLD 4,094.84 4,101.71 4,082.15 4,084.32  -10.53     6.88 -10.51     2.17  29,619.00
106  2026-07-31 09:00:00   GOLD 4,084.39 4,090.41 4,074.27 4,076.28   -8.05     6.02  -8.11     2.01  19,042.00
107  2026-07-31 10:00:00   GOLD 4,076.07 4,079.65 4,072.14 4,075.14   -1.14     3.58  -0.93     2.99  16,572.00
108  2026-07-31 11:00:00   GOLD 4,075.07 4,081.53 4,073.32 4,080.16    5.02     1.38   5.09     1.75  10,772.00
109  2026-07-31 12:00:00   GOLD 4,080.17 4,083.32 4,073.44 4,074.43   -5.73     3.14  -5.74     0.99  13,987.00
110  2026-07-31 13:00:00   GOLD 4,074.45 4,087.66 4,072.78 4,077.76    3.34     9.90   3.32     1.66  30,801.00
111  2026-07-31 14:00:00   GOLD 4,077.74 4,079.32 4,067.62 4,067.81   -9.95     1.58  -9.93     0.19  24,982.00
112  2026-07-31 15:00:00   GOLD 4,067.80 4,067.89 4,054.18 4,060.98   -6.83     0.09  -6.82     6.80  37,149.00
113  2026-07-31 16:00:00   GOLD 4,060.89 4,064.11 4,050.32 4,055.25   -5.73     3.22  -5.64     4.93  31,664.00
114  2026-07-31 17:00:00   GOLD 4,055.18 4,058.43 4,052.01 4,054.57   -0.68     3.25  -0.62     2.55  16,304.00
115  2026-07-31 18:00:00   GOLD 4,054.58 4,061.15 4,050.69 4,053.84   -0.72     6.57  -0.74     3.15  25,477.00
116  2026-07-31 19:00:00   GOLD 4,053.83 4,059.49 4,040.57 4,040.76  -13.08     5.66 -13.07     0.19  33,350.00
117  2026-07-31 20:00:00   GOLD 4,040.75 4,047.03 4,022.13 4,025.51  -15.25     6.28 -15.24     3.38  71,039.00
118  2026-07-31 21:00:00   GOLD 4,025.41 4,050.43 4,020.97 4,049.32   23.80     1.12  23.91     4.43  64,673.00
119  2026-07-31 22:00:00   GOLD 4,049.34 4,052.70 4,036.82 4,045.58   -3.74     3.35  -3.76     8.76  49,130.00
120  2026-07-31 23:00:00   GOLD 4,045.59 4,049.99 4,041.30 4,043.41   -2.16     4.41  -2.17     2.11  30,493.00
121  2026-08-01 00:00:00   GOLD 4,043.41 4,054.80 4,041.60 4,053.66   10.24     1.14  10.25     1.81  28,912.00
122  2026-08-01 01:00:00   GOLD 4,053.66 4,055.24 4,047.18 4,050.82   -2.84     1.58  -2.84     3.64  20,545.00
123  2026-08-01 02:00:00   GOLD 4,050.78 4,055.66 4,046.95 4,050.93    0.11     4.73   0.15     3.83  19,831.00
124  2026-08-01 03:00:00   GOLD 4,050.91 4,053.11 4,043.04 4,045.16   -5.77     2.19  -5.75     2.12  23,852.00
125  2026-08-03 05:00:00   GOLD 4,075.05 4,078.78 4,063.51 4,063.76   18.59     3.73 -11.30     0.24  15,470.00
126  2026-08-03 06:00:00   GOLD 4,063.70 4,075.09 4,063.30 4,075.07   11.31     0.03  11.36     0.40  15,558.00
127  2026-08-03 07:00:00   GOLD 4,075.07 4,079.18 4,055.88 4,057.35  -17.72     4.11 -17.72     1.47  44,773.00
128  2026-08-03 08:00:00   GOLD 4,057.36 4,063.70 4,047.34 4,056.77   -0.58     6.34  -0.59     9.43  42,722.00
129  2026-08-03 09:00:00   GOLD 4,056.78 4,067.28 4,052.11 4,062.61    5.84     4.67   5.83     4.66  23,226.00
130  2026-08-03 10:00:00   GOLD 4,062.51 4,068.10 4,059.50 4,065.11    2.51     2.99   2.60     3.01  17,732.00
131  2026-08-03 11:00:00   GOLD 4,065.14 4,072.05 4,064.00 4,064.05   -1.07     6.91  -1.10     0.05  14,018.00
132  2026-08-03 12:00:00   GOLD 4,063.99 4,070.05 4,054.17 4,069.03    4.99     1.01   5.05     9.82  18,739.00
133  2026-08-03 13:00:00   GOLD 4,069.03 4,072.18 4,060.51 4,063.94   -5.09     3.15  -5.09     3.43  29,493.00
134  2026-08-03 14:00:00   GOLD 4,063.95 4,065.30 4,052.19 4,061.16   -2.78     1.36  -2.79     8.97  25,455.00
135  2026-08-03 15:00:00   GOLD 4,061.10 4,062.59 4,054.34 4,059.42   -1.74     1.49  -1.68     5.09  21,285.00
136  2026-08-03 16:00:00   GOLD 4,059.43 4,062.21 4,046.68 4,055.36   -4.07     2.78  -4.07     8.67  26,348.00
137  2026-08-03 17:00:00   GOLD 4,055.38 4,057.13 4,045.84 4,049.49   -5.86     1.76  -5.88     3.65  21,078.00
138  2026-08-03 18:00:00   GOLD 4,049.49 4,063.24 4,045.57 4,062.51   13.01     0.74  13.02     3.91  25,720.00
139  2026-08-03 19:00:00   GOLD 4,062.47 4,064.74 4,042.34 4,047.85  -14.66     2.27 -14.62     5.51  29,043.00
140  2026-08-03 20:00:00   GOLD 4,047.86 4,053.86 4,019.24 4,032.35  -15.50     5.99 -15.51    13.11  75,683.00
141  2026-08-03 21:00:00   GOLD 4,031.91 4,039.16 4,026.75 4,036.38    4.03     2.78   4.47     5.16  39,309.00
142  2026-08-03 22:00:00   GOLD 4,036.47 4,041.03 4,030.54 4,036.14   -0.24     4.56  -0.34     5.60  26,779.00
143  2026-08-03 23:00:00   GOLD 4,036.14 4,039.34 4,034.80 4,037.03    0.89     2.30   0.89     1.34  15,549.00
144  2026-08-04 00:00:00   GOLD 4,037.06 4,037.80 4,030.27 4,030.57   -6.46     0.74  -6.49     0.30  14,115.00
145  2026-08-04 01:00:00   GOLD 4,030.62 4,045.12 4,029.68 4,043.53   12.96     1.59  12.91     0.94  15,636.00
146  2026-08-04 02:00:00   GOLD 4,043.53 4,055.82 4,043.49 4,052.08    8.55     3.74   8.55     0.05  21,419.00
147  2026-08-04 03:00:00   GOLD 4,052.14 4,058.22 4,050.32 4,055.33    3.25     2.89   3.18     1.82   9,772.00
148  2026-08-04 05:00:00   GOLD 4,052.12 4,053.58 4,049.04 4,052.76   -2.57     0.82   0.64     3.08   5,839.00
149  2026-08-04 06:00:00   GOLD 4,052.72 4,055.22 4,050.22 4,053.96    1.20     1.26   1.24     2.51   7,030.00
150  2026-08-04 07:00:00   GOLD 4,053.93 4,069.47 4,048.64 4,049.43   -4.53    15.54  -4.50     0.79  18,578.00
151  2026-08-04 08:00:00   GOLD 4,049.34 4,061.97 4,042.72 4,058.82    9.39     3.15   9.48     6.62  27,439.00
152  2026-08-04 09:00:00   GOLD 4,058.82 4,065.24 4,055.62 4,059.08    0.26     6.16   0.26     3.20  17,734.00
153  2026-08-04 10:00:00   GOLD 4,059.00 4,061.86 4,052.25 4,052.56   -6.52     2.86  -6.44     0.31  13,255.00
154  2026-08-04 11:00:00   GOLD 4,052.61 4,066.43 4,051.25 4,063.76   11.20     2.66  11.15     1.36  10,418.00
155  2026-08-04 12:00:00   GOLD 4,063.78 4,067.84 4,057.20 4,061.97   -1.79     4.05  -1.81     4.78  14,808.00
156  2026-08-04 13:00:00   GOLD 4,061.96 4,066.22 4,055.70 4,063.51    1.54     2.70   1.55     6.26  18,537.00
157  2026-08-04 14:00:00   GOLD 4,063.58 4,066.79 4,060.84 4,065.53    2.02     1.26   1.95     2.74  18,358.00
158  2026-08-04 15:00:00   GOLD 4,065.64 4,072.97 4,054.45 4,055.19  -10.34     7.33 -10.45     0.74  23,822.00
159  2026-08-04 16:00:00   GOLD 4,055.16 4,055.51 4,046.26 4,049.93   -5.26     0.35  -5.23     3.67  19,431.00
160  2026-08-04 17:00:00   GOLD 4,049.93 4,060.84 4,045.62 4,053.99    4.06     6.85   4.05     4.32  23,734.00
161  2026-08-04 18:00:00   GOLD 4,053.99 4,084.34 4,052.44 4,074.99   21.01     9.35  21.00     1.55  35,649.00
162  2026-08-04 19:00:00   GOLD 4,075.05 4,084.56 4,061.11 4,070.95   -4.05     9.51  -4.11     9.83  39,710.00
163  2026-08-04 20:00:00   GOLD 4,070.93 4,093.88 4,061.23 4,083.95   13.01     9.93  13.03     9.70  61,719.00
164  2026-08-04 21:00:00   GOLD 4,083.99 4,092.07 4,074.55 4,083.64   -0.32     8.08  -0.36     9.09  45,846.00
165  2026-08-04 22:00:00   GOLD 4,083.64 4,088.89 4,074.74 4,087.35    3.71     1.54   3.70     8.91  37,611.00
166  2026-08-04 23:00:00   GOLD 4,087.44 4,093.68 4,083.20 4,093.41    6.06     0.28   5.97     4.24  22,262.00
167  2026-08-05 00:00:00   GOLD 4,093.36 4,106.48 4,086.20 4,086.21   -7.20    13.12  -7.15     0.01  28,683.00
168  2026-08-05 01:00:00   GOLD 4,086.18 4,089.06 4,075.28 4,079.95   -6.26     2.88  -6.23     4.66  24,279.00
169  2026-08-05 02:00:00   GOLD 4,079.99 4,084.86 4,076.39 4,078.61   -1.33     4.87  -1.38     2.22  19,684.00
170  2026-08-05 03:00:00   GOLD 4,078.61 4,080.30 4,074.69 4,077.05   -1.56     1.68  -1.56     2.36  10,640.00
171  2026-08-05 05:00:00   GOLD 4,078.39 4,085.87 4,075.74 4,075.80   -1.25     7.48  -2.59     0.07   8,852.00
172  2026-08-05 06:00:00   GOLD 4,075.89 4,077.20 4,065.33 4,072.61   -3.20     1.32  -3.28     7.28  16,465.00
173  2026-08-05 07:00:00   GOLD 4,072.60 4,083.63 4,070.51 4,082.55    9.95     1.08   9.95     2.09  16,072.00
174  2026-08-05 08:00:00   GOLD 4,082.57 4,102.58 4,077.72 4,101.43   18.88     1.15  18.86     4.85  27,172.00
175  2026-08-05 09:00:00   GOLD 4,101.44 4,135.44 4,095.42 4,129.19   27.76     6.24  27.76     6.02  44,787.00
176  2026-08-05 10:00:00   GOLD 4,129.20 4,136.69 4,126.92 4,128.33   -0.86     7.49  -0.87     1.41  21,135.00
177  2026-08-05 11:00:00   GOLD 4,128.34 4,141.51 4,128.26 4,135.60    7.27     5.91   7.26     0.07  13,900.00
178  2026-08-05 12:00:00   GOLD 4,135.57 4,173.10 4,134.89 4,161.55   25.95    11.56  25.97     0.69  35,370.00
179  2026-08-05 13:00:00   GOLD 4,161.53 4,178.56 4,160.30 4,177.56   16.02     1.00  16.03     1.23  33,822.00
180  2026-08-05 14:00:00   GOLD 4,177.65 4,179.56 4,162.23 4,170.81   -6.75     1.91  -6.84     8.59  32,544.00
181  2026-08-05 15:00:00   GOLD 4,170.80 4,172.68 4,159.05 4,160.52  -10.30     1.88 -10.28     1.47  36,495.00
182  2026-08-05 16:00:00   GOLD 4,160.64 4,167.17 4,153.15 4,157.98   -2.54     6.53  -2.66     4.83  29,651.00
183  2026-08-05 17:00:00   GOLD 4,157.97 4,161.49 4,150.28 4,161.42    3.44     0.07   3.45     7.69  19,272.00
184  2026-08-05 18:00:00   GOLD 4,161.45 4,192.62 4,160.85 4,188.93   27.51     3.69  27.48     0.60  36,157.00
185  2026-08-05 19:00:00   GOLD 4,188.94 4,213.54 4,183.31 4,183.98   -4.95    24.60  -4.96     0.68  51,130.00
186  2026-08-05 20:00:00   GOLD 4,183.97 4,206.85 4,183.80 4,206.17   22.19     0.68  22.20     0.17  69,099.00
187  2026-08-05 21:00:00   GOLD 4,206.11 4,247.64 4,203.67 4,244.26   38.09     3.38  38.15     2.44  93,324.00
188  2026-08-05 22:00:00   GOLD 4,244.30 4,265.29 4,232.38 4,233.02  -11.24    20.99 -11.28     0.65  64,083.00
189  2026-08-05 23:00:00   GOLD 4,233.03 4,247.48 4,224.89 4,242.26    9.24     5.22   9.23     8.14  52,954.00
190  2026-08-06 00:00:00   GOLD 4,242.33 4,252.56 4,237.00 4,250.36    8.10     2.20   8.03     5.33  36,760.00
191  2026-08-06 01:00:00   GOLD 4,249.95 4,268.09 4,249.26 4,260.98   10.62     7.11  11.03     0.69  33,470.00
192  2026-08-06 02:00:00   GOLD 4,261.00 4,262.27 4,246.40 4,247.13  -13.85     1.27 -13.87     0.73  33,469.00
193  2026-08-06 03:00:00   GOLD 4,247.08 4,249.76 4,243.06 4,247.27    0.14     2.49   0.19     4.02   9,349.00
194  2026-08-06 05:00:00   GOLD 4,249.50 4,250.39 4,245.82 4,250.05    2.77     0.34   0.55     3.68   8,410.00
195  2026-08-06 06:00:00   GOLD 4,250.06 4,282.05 4,249.12 4,278.31   28.26     3.74  28.25     0.94  19,600.00
196  2026-08-06 07:00:00   GOLD 4,278.31 4,300.39 4,264.64 4,294.98   16.68     5.41  16.67    13.67  46,147.00
197  2026-08-06 08:00:00   GOLD 4,294.99 4,302.74 4,272.98 4,286.64   -8.34     7.75  -8.35    13.66  61,562.00
198  2026-08-06 09:00:00   GOLD 4,286.40 4,304.31 4,274.93 4,278.71   -7.93    17.91  -7.69     3.78  39,039.00

==================================================
      HOÀN THÀNH PHÂN TÍCH          
==================================================
