==================================================
      VNSTOCK & GLOBAL MARKET ANALYZER
      Danh sách: GOLD
      Khung: 4H, Số lượng: 200
==================================================

==================================================
      PHÂN TÍCH MÃ: GOLD (Gold / USD (TradingView))
      Khung thời gian: 4H
==================================================

--- [ LỊCH SỬ GIÁ GOLD  ] ---
               time symbol     open     high      low    close  change  wick_up    body  wick_dn     volume
2026-08-12 08:00:00   GOLD 4,380.59 4,416.25 4,378.44 4,401.18   20.68    15.07   20.59     2.14  85,317.00
2026-08-12 12:00:00   GOLD 4,401.12 4,410.55 4,384.02 4,401.90    0.72     8.65    0.77    17.10  83,909.00
2026-08-12 16:00:00   GOLD 4,401.95 4,438.31 4,382.48 4,437.37   35.47     0.94   35.42    19.47 134,204.00
2026-08-12 20:00:00   GOLD 4,437.37 4,441.31 4,396.57 4,401.68  -35.69     3.94  -35.69     5.11 272,664.00
2026-08-13 00:00:00   GOLD 4,401.69 4,418.48 4,396.57 4,408.52    6.84     9.95    6.84     5.11  80,867.00
2026-08-13 04:00:00   GOLD 4,405.78 4,449.83 4,398.43 4,427.76   19.24    22.07   21.98     7.35  50,572.00
2026-08-13 08:00:00   GOLD 4,427.71 4,435.44 4,391.61 4,397.82  -29.94     7.73  -29.89     6.21 127,581.00
2026-08-13 12:00:00   GOLD 4,397.85 4,407.31 4,364.17 4,376.02  -21.80     9.46  -21.83    11.85 137,525.00
2026-08-13 16:00:00   GOLD 4,375.99 4,401.90 4,372.60 4,401.82   25.80     0.08   25.82     3.39 102,209.00
2026-08-13 20:00:00   GOLD 4,401.74 4,402.22 4,351.35 4,367.00  -34.82     0.47  -34.74    15.65 232,248.00
2026-08-14 00:00:00   GOLD 4,367.06 4,373.44 4,343.65 4,351.27  -15.73     6.38  -15.78     7.62  93,452.00
2026-08-14 04:00:00   GOLD 4,353.40 4,364.45 4,329.42 4,341.10  -10.18    11.05  -12.31    11.68  60,372.00
2026-08-14 08:00:00   GOLD 4,341.09 4,341.32 4,311.27 4,327.02  -14.08     0.24  -14.07    15.74 105,675.00
2026-08-14 12:00:00   GOLD 4,327.06 4,349.85 4,311.04 4,348.60   21.59     1.24   21.55    16.02  92,223.00
2026-08-14 16:00:00   GOLD 4,348.56 4,386.97 4,346.14 4,373.73   25.12    13.24   25.17     2.41  84,835.00
2026-08-14 20:00:00   GOLD 4,373.78 4,397.06 4,370.32 4,386.02   12.29    11.05   12.23     3.47 171,531.00
2026-08-15 00:00:00   GOLD 4,386.10 4,386.53 4,371.01 4,376.82   -9.20     0.43   -9.28     5.81  71,378.00
2026-08-17 04:00:00   GOLD 4,372.68 4,402.02 4,367.29 4,401.01   24.19     1.01   28.32     5.39  51,494.00
2026-08-17 08:00:00   GOLD 4,400.99 4,416.55 4,388.28 4,390.86  -10.15    15.56  -10.14     2.57  96,928.00
2026-08-17 12:00:00   GOLD 4,390.78 4,411.32 4,386.94 4,395.18    4.32    16.14    4.40     3.84  89,788.00
2026-08-17 16:00:00   GOLD 4,395.19 4,405.97 4,377.35 4,384.94  -10.24    10.78  -10.25     7.58  88,244.00
2026-08-17 20:00:00   GOLD 4,385.02 4,428.89 4,381.94 4,424.24   39.31     4.65   39.23     3.08 198,867.00
2026-08-18 00:00:00   GOLD 4,424.26 4,426.23 4,398.20 4,416.68   -7.56     1.97   -7.57    18.48  95,655.00
2026-08-18 04:00:00   GOLD 4,416.20 4,434.88 4,409.89 4,434.44   17.76     0.44   18.23     6.31  43,503.00
2026-08-18 08:00:00   GOLD 4,434.45 4,436.23 4,389.02 4,393.69  -40.75     1.77  -40.77     4.67 106,428.00
2026-08-18 12:00:00   GOLD 4,393.66 4,403.73 4,386.19 4,393.44   -0.25    10.07   -0.22     7.25  81,939.00
2026-08-18 16:00:00   GOLD 4,393.39 4,400.85 4,387.03 4,394.23    0.79     6.62    0.84     6.36  71,822.00
2026-08-18 20:00:00   GOLD 4,394.23 4,406.90 4,351.77 4,363.83  -30.40    12.67  -30.40    12.06 262,626.00
2026-08-19 00:00:00   GOLD 4,363.81 4,368.35 4,329.27 4,334.57  -29.26     4.55  -29.23     5.31 101,237.00
2026-08-19 04:00:00   GOLD 4,341.97 4,347.42 4,327.27 4,338.15    3.58     5.45   -3.81    10.88  65,703.00
2026-08-19 08:00:00   GOLD 4,338.02 4,362.16 4,324.68 4,348.56   10.40    13.61   10.54    13.34  98,140.00
2026-08-19 12:00:00   GOLD 4,348.53 4,363.34 4,335.18 4,355.73    7.18     7.61    7.20    13.35 108,753.00
2026-08-19 16:00:00   GOLD 4,355.66 4,442.47 4,353.45 4,438.87   83.14     3.60   83.21     2.21 139,917.00
2026-08-19 20:00:00   GOLD 4,438.88 4,499.43 4,424.28 4,493.40   54.53     6.03   54.52    14.59 341,047.00
2026-08-20 00:00:00   GOLD 4,493.52 4,524.34 4,472.18 4,523.05   29.65     1.29   29.53    21.34 167,289.00
2026-08-20 04:00:00   GOLD 4,521.40 4,523.86 4,503.84 4,504.68  -18.37     2.45  -16.72     0.85  62,665.00
2026-08-20 08:00:00   GOLD 4,504.70 4,510.22 4,484.48 4,488.63  -16.05     5.52  -16.07     4.15 133,286.00
2026-08-20 12:00:00   GOLD 4,488.64 4,498.78 4,478.07 4,489.35    0.72     9.43    0.71    10.57 100,295.00
2026-08-20 16:00:00   GOLD 4,489.39 4,495.15 4,450.74 4,474.85  -14.50     5.76  -14.54    24.11 132,658.00
2026-08-20 20:00:00   GOLD 4,474.88 4,541.05 4,469.35 4,510.07   35.22    30.98   35.19     5.52 314,596.00
2026-08-21 00:00:00   GOLD 4,510.10 4,532.23 4,507.79 4,518.95    8.89    13.28    8.85     2.31 107,541.00
2026-08-21 04:00:00   GOLD 4,519.55 4,533.05 4,509.80 4,510.77   -8.19    13.51   -8.78     0.97  45,462.00
2026-08-21 08:00:00   GOLD 4,510.76 4,548.22 4,508.99 4,540.70   29.93     7.52   29.94     1.76 111,442.00
2026-08-21 12:00:00   GOLD 4,540.75 4,585.13 4,529.11 4,584.26   43.56     0.88   43.51    11.64 113,441.00
2026-08-21 16:00:00   GOLD 4,584.28 4,604.61 4,563.57 4,578.08   -6.18    20.32   -6.20    14.51 129,824.00
2026-08-21 20:00:00   GOLD 4,578.02 4,629.16 4,573.40 4,628.88   50.80     0.28   50.86     4.62 284,748.00
2026-08-22 00:00:00   GOLD 4,628.92 4,632.15 4,602.67 4,602.99  -25.89     3.23  -25.93     0.32 121,237.00
2026-08-24 04:00:00   GOLD 4,609.65 4,640.94 4,594.52 4,621.90   18.91    19.03   12.25    15.14  95,918.00
2026-08-24 08:00:00   GOLD 4,621.85 4,657.00 4,608.15 4,638.93   17.03    18.07   17.08    13.70 181,808.00
2026-08-24 12:00:00   GOLD 4,638.94 4,660.12 4,628.90 4,638.19   -0.74    21.19   -0.75     9.29 174,428.00
2026-08-24 16:00:00   GOLD 4,638.14 4,670.46 4,632.90 4,662.83   24.64     7.63   24.69     5.24 153,003.00
2026-08-24 20:00:00   GOLD 4,662.81 4,681.02 4,640.14 4,645.10  -17.73    18.21  -17.71     4.97 308,772.00
2026-08-25 00:00:00   GOLD 4,645.10 4,656.15 4,625.23 4,651.24    6.14     4.91    6.14    19.87 197,915.00
2026-08-25 04:00:00   GOLD 4,655.49 4,697.10 4,655.20 4,684.65   33.41    12.46   29.15     0.29  81,024.00
2026-08-25 08:00:00   GOLD 4,684.61 4,687.12 4,617.28 4,626.03  -58.62     2.51  -58.59     8.75 202,853.00
2026-08-25 12:00:00   GOLD 4,626.02 4,653.43 4,620.09 4,630.48    4.45    22.95    4.45     5.93 147,553.00
2026-08-25 16:00:00   GOLD 4,630.46 4,647.33 4,624.29 4,640.77   10.29     6.56   10.31     6.17 140,090.00
2026-08-25 20:00:00   GOLD 4,640.76 4,659.48 4,605.29 4,643.62    2.85    15.86    2.86    35.47 263,644.00
2026-08-26 00:00:00   GOLD 4,643.62 4,669.11 4,634.31 4,659.06   15.44    10.06   15.43     9.32 114,614.00
2026-08-26 04:00:00   GOLD 4,661.44 4,673.77 4,634.51 4,637.70  -21.35    12.32  -23.74     3.20  53,751.00
2026-08-26 08:00:00   GOLD 4,637.72 4,670.83 4,629.61 4,640.72    3.01    30.11    2.99     8.11 124,152.00
2026-08-26 12:00:00   GOLD 4,640.77 4,649.61 4,622.36 4,628.49  -12.23     8.84  -12.28     6.13 108,819.00
2026-08-26 16:00:00   GOLD 4,628.60 4,633.32 4,610.97 4,614.47  -14.02     4.72  -14.14     3.49 113,407.00
2026-08-26 20:00:00   GOLD 4,614.52 4,633.69 4,583.06 4,591.64  -22.82    19.17  -22.88     8.58 238,316.00
2026-08-27 00:00:00   GOLD 4,591.69 4,604.73 4,584.19 4,594.73    3.09    10.01    3.04     7.50  93,459.00
2026-08-27 04:00:00   GOLD 4,603.39 4,627.05 4,600.73 4,605.20   10.47    21.85    1.81     2.66  57,973.00
2026-08-27 08:00:00   GOLD 4,605.25 4,643.21 4,602.46 4,618.94   13.74    24.27   13.69     2.79 109,519.00
2026-08-27 12:00:00   GOLD 4,618.98 4,621.75 4,593.70 4,599.10  -19.84     2.77  -19.88     5.40 117,320.00
2026-08-27 16:00:00   GOLD 4,599.10 4,601.23 4,569.29 4,585.93  -13.18     2.12  -13.18    16.64 120,095.00
2026-08-27 20:00:00   GOLD 4,585.98 4,616.69 4,564.27 4,615.00   29.07     1.69   29.02    21.71 246,597.00
2026-08-28 00:00:00   GOLD 4,615.12 4,618.02 4,600.11 4,602.15  -12.85     2.90  -12.97     2.03 125,713.00
2026-08-28 04:00:00   GOLD 4,601.95 4,611.46 4,585.85 4,588.88  -13.27     9.51  -13.07     3.03  45,047.00
2026-08-28 08:00:00   GOLD 4,588.92 4,602.32 4,575.06 4,584.47   -4.41    13.40   -4.45     9.41 105,118.00
2026-08-28 12:00:00   GOLD 4,584.49 4,614.59 4,571.66 4,602.88   18.41    11.71   18.39    12.84 120,389.00
2026-08-28 16:00:00   GOLD 4,602.84 4,609.96 4,589.13 4,601.74   -1.14     7.12   -1.10    12.61 106,953.00
2026-08-28 20:00:00   GOLD 4,601.82 4,631.98 4,464.41 4,479.55 -122.19    30.16 -122.27    15.13 506,607.00
2026-08-29 00:00:00   GOLD 4,479.53 4,486.84 4,445.45 4,454.99  -24.56     7.31  -24.54     9.53 215,188.00
2026-08-31 04:00:00   GOLD 4,445.72 4,472.16 4,435.82 4,456.31    1.32    15.86   10.59     9.90  78,426.00
2026-08-31 08:00:00   GOLD 4,456.31 4,463.30 4,396.52 4,424.64  -31.67     6.98  -31.68    28.11 173,781.00
2026-08-31 12:00:00   GOLD 4,424.61 4,449.53 4,419.37 4,435.65   11.01    13.88   11.03     5.24 113,339.00
2026-08-31 16:00:00   GOLD 4,435.69 4,464.23 4,435.44 4,435.80    0.15    28.43    0.11     0.25 101,992.00
2026-08-31 20:00:00   GOLD 4,435.81 4,448.26 4,415.75 4,433.36   -2.44    12.44   -2.45    17.61 237,624.00
2026-09-01 00:00:00   GOLD 4,433.36 4,455.93 4,426.30 4,449.24   15.88     6.69   15.88     7.06  99,812.00
2026-09-01 04:00:00   GOLD 4,454.26 4,461.70 4,441.85 4,453.74    4.51     7.44   -0.51    11.89  48,150.00
2026-09-01 08:00:00   GOLD 4,453.81 4,457.02 4,425.56 4,426.81  -26.93     3.20  -27.00     1.26 110,880.00
2026-09-01 12:00:00   GOLD 4,426.82 4,446.10 4,369.36 4,370.90  -55.91    19.28  -55.91     1.54 173,981.00
2026-09-01 16:00:00   GOLD 4,370.84 4,387.39 4,352.02 4,356.29  -14.61    16.55  -14.55     4.27 169,995.00
2026-09-01 20:00:00   GOLD 4,356.30 4,375.69 4,326.27 4,351.42   -4.87    19.39   -4.88    25.15 292,920.00
2026-09-02 00:00:00   GOLD 4,351.47 4,352.05 4,322.74 4,328.40  -23.02     0.58  -23.07     5.66 143,846.00
2026-09-02 04:00:00   GOLD 4,331.39 4,335.90 4,314.63 4,315.90  -12.50     4.51  -15.48     1.27  60,634.00
2026-09-02 08:00:00   GOLD 4,315.81 4,326.81 4,282.62 4,307.47   -8.44    11.00   -8.35    24.84 152,344.00
2026-09-02 12:00:00   GOLD 4,307.41 4,331.65 4,303.72 4,313.07    5.60    18.58    5.65     3.69 150,473.00
2026-09-02 16:00:00   GOLD 4,313.05 4,344.39 4,301.74 4,331.52   18.45    12.86   18.48    11.30 156,562.00
2026-09-02 20:00:00   GOLD 4,331.61 4,397.75 4,330.85 4,368.40   36.88    29.35   36.79     0.76 263,402.00
2026-09-03 00:00:00   GOLD 4,368.40 4,391.67 4,364.73 4,388.22   19.82     3.45   19.82     3.67 110,034.00
2026-09-03 04:00:00   GOLD 4,391.29 4,397.98 4,381.25 4,395.59    7.36     2.40    4.30    10.04  44,507.00
2026-09-03 08:00:00   GOLD 4,395.65 4,438.73 4,387.36 4,437.40   41.82     1.32   41.76     8.28 116,913.00
2026-09-03 12:00:00   GOLD 4,437.40 4,443.72 4,417.57 4,434.97   -2.43     6.32   -2.43    17.40 157,271.00
2026-09-03 16:00:00   GOLD 4,435.02 4,495.23 4,419.09 4,493.53   58.56     1.69   58.51    15.93 156,391.00
2026-09-03 20:00:00   GOLD 4,493.59 4,510.93 4,456.93 4,486.28   -7.26    17.35   -7.31    29.35 281,471.00
2026-09-04 00:00:00   GOLD 4,486.36 4,494.74 4,470.55 4,472.97  -13.31     8.39  -13.39     2.41 104,312.00
2026-09-04 04:00:00   GOLD 4,476.07 4,487.48 4,471.52 4,486.40   13.43     1.08   10.32     4.56  41,236.00
2026-09-04 08:00:00   GOLD 4,486.51 4,487.55 4,465.49 4,473.82  -12.57     1.03  -12.69     8.34  80,694.00
2026-09-04 12:00:00   GOLD 4,473.78 4,490.90 4,460.15 4,477.97    4.15    12.93    4.19    13.63 101,989.00
2026-09-04 16:00:00   GOLD 4,477.95 4,479.31 4,376.18 4,393.77  -84.20     1.36  -84.18    17.59 159,329.00
2026-09-04 20:00:00   GOLD 4,393.73 4,449.00 4,365.57 4,436.37   42.60    12.63   42.64    28.16 286,403.00
2026-09-05 00:00:00   GOLD 4,436.34 4,440.55 4,411.97 4,429.82   -6.55     4.22   -6.51    17.85  95,441.00
2026-09-07 04:00:00   GOLD 4,422.49 4,435.26 4,410.10 4,412.78  -17.05    12.76   -9.72     2.68  35,269.00
2026-09-07 08:00:00   GOLD 4,412.75 4,419.02 4,389.59 4,398.15  -14.63     6.27  -14.60     8.56 102,616.00
2026-09-07 12:00:00   GOLD 4,398.16 4,423.89 4,385.33 4,411.01   12.86    12.88   12.84    12.84  96,242.00
2026-09-07 16:00:00   GOLD 4,411.06 4,413.89 4,381.24 4,396.85  -14.16     2.83  -14.21    15.61  65,951.00
2026-09-07 20:00:00   GOLD 4,396.74 4,419.65 4,395.47 4,414.57   17.73     5.08   17.83     1.27  69,355.00
2026-09-08 00:00:00   GOLD 4,414.57 4,415.19 4,403.13 4,406.06   -8.51     0.62   -8.51     2.93   9,615.00
2026-09-08 04:00:00   GOLD 4,412.87 4,430.32 4,406.30 4,426.26   20.19     4.07   13.39     6.57  60,313.00
2026-09-08 08:00:00   GOLD 4,426.24 4,442.98 4,417.19 4,436.00    9.74     6.98    9.76     9.05 100,090.00
2026-09-08 12:00:00   GOLD 4,435.98 4,437.77 4,388.01 4,394.19  -41.81     1.79  -41.80     6.18 142,554.00
2026-09-08 16:00:00   GOLD 4,394.19 4,411.90 4,385.48 4,411.73   17.54     0.17   17.54     8.71 114,444.00
2026-09-08 20:00:00   GOLD 4,411.73 4,413.23 4,380.65 4,393.72  -18.01     1.50  -18.01    13.07 186,765.00
2026-09-09 00:00:00   GOLD 4,393.76 4,403.73 4,345.06 4,355.70  -38.02     9.97  -38.06    10.64 131,970.00
2026-09-09 04:00:00   GOLD 4,357.66 4,365.59 4,341.26 4,364.77    9.07     0.82    7.11    16.40  53,548.00
2026-09-09 08:00:00   GOLD 4,364.80 4,384.58 4,354.22 4,381.64   16.87     2.94   16.85    10.57  89,996.00
2026-09-09 12:00:00   GOLD 4,381.73 4,413.01 4,380.38 4,400.69   19.05    12.32   18.97     1.35  89,674.00
2026-09-09 16:00:00   GOLD 4,400.77 4,415.36 4,386.34 4,400.19   -0.51    14.60   -0.58    13.85 116,400.00
2026-09-09 20:00:00   GOLD 4,400.18 4,434.18 4,375.15 4,409.39    9.20    24.79    9.20    25.03 261,919.00
2026-09-10 00:00:00   GOLD 4,409.50 4,421.65 4,393.59 4,402.11   -7.27    12.15   -7.39     8.52  90,104.00
2026-09-10 04:00:00   GOLD 4,405.28 4,406.10 4,389.73 4,401.15   -0.97     0.82   -4.13    11.41  33,220.00
2026-09-10 08:00:00   GOLD 4,401.05 4,421.17 4,400.19 4,408.68    7.53    12.49    7.62     0.86 114,240.00
2026-09-10 12:00:00   GOLD 4,408.73 4,435.05 4,392.58 4,395.05  -13.63    26.32  -13.68     2.47 137,839.00
2026-09-10 16:00:00   GOLD 4,395.02 4,400.24 4,324.17 4,340.20  -54.85     5.23  -54.82    16.03 199,957.00
2026-09-10 20:00:00   GOLD 4,340.22 4,376.45 4,339.33 4,364.14   23.94    12.31   23.93     0.89 283,373.00
2026-09-11 00:00:00   GOLD 4,364.24 4,367.83 4,313.85 4,317.02  -47.12     3.59  -47.22     3.17 147,990.00
2026-09-11 04:00:00   GOLD 4,322.94 4,334.05 4,311.35 4,332.32   15.30     1.73    9.38    11.59  68,367.00
2026-09-11 08:00:00   GOLD 4,332.31 4,340.60 4,300.80 4,331.76   -0.56     8.29   -0.56    30.96 154,550.00
2026-09-11 12:00:00   GOLD 4,331.76 4,361.15 4,328.32 4,347.01   15.26    14.14   15.25     3.44 158,686.00
2026-09-11 16:00:00   GOLD 4,347.06 4,390.26 4,292.11 4,388.56   41.55     1.70   41.50    54.95 178,169.00
2026-09-11 20:00:00   GOLD 4,388.45 4,402.63 4,352.05 4,361.61  -26.94    14.18  -26.84     9.57 296,125.00
2026-09-12 00:00:00   GOLD 4,361.61 4,370.43 4,342.74 4,349.42  -12.19     8.82  -12.19     6.68 105,036.00
2026-09-14 04:00:00   GOLD 4,338.79 4,347.71 4,328.40 4,338.73  -10.69     8.92   -0.06    10.32  71,514.00
2026-09-14 08:00:00   GOLD 4,338.69 4,355.40 4,322.17 4,329.76   -8.97    16.72   -8.93     7.59 135,594.00
2026-09-14 12:00:00   GOLD 4,329.76 4,338.77 4,303.45 4,306.69  -23.06     9.01  -23.07     3.24 134,476.00
2026-09-14 16:00:00   GOLD 4,306.69 4,311.93 4,266.01 4,271.27  -35.42     5.24  -35.42     5.27 166,887.00
2026-09-14 20:00:00   GOLD 4,271.26 4,317.83 4,253.64 4,315.72   44.44     2.11   44.45    17.62 281,518.00
2026-09-15 00:00:00   GOLD 4,315.76 4,316.44 4,282.43 4,299.52  -16.19     0.68  -16.23    17.10 111,505.00
2026-09-15 04:00:00   GOLD 4,299.31 4,300.19 4,283.37 4,293.28   -6.24     0.88   -6.03     9.91  48,191.00
2026-09-15 08:00:00   GOLD 4,293.23 4,317.63 4,287.91 4,304.93   11.64    12.70   11.70     5.31  99,817.00
2026-09-15 12:00:00   GOLD 4,304.98 4,307.77 4,261.38 4,262.54  -42.39     2.80  -42.44     1.16 132,478.00
2026-09-15 16:00:00   GOLD 4,262.53 4,295.90 4,261.73 4,290.39   27.85     5.52   27.85     0.80 118,892.00
2026-09-15 20:00:00   GOLD 4,290.38 4,300.69 4,273.98 4,295.64    5.26     5.05    5.27    16.39 194,895.00
2026-09-16 00:00:00   GOLD 4,295.70 4,310.76 4,290.44 4,293.89   -1.76    15.06   -1.82     3.45  97,524.00
2026-09-16 04:00:00   GOLD 4,295.39 4,299.11 4,275.67 4,277.61  -16.27     3.72  -17.78     1.94  43,130.00
2026-09-16 08:00:00   GOLD 4,277.63 4,341.14 4,276.86 4,321.95   44.34    19.19   44.32     0.77 116,157.00
2026-09-16 12:00:00   GOLD 4,321.90 4,339.28 4,320.79 4,330.27    8.32     9.01    8.38     1.11 122,196.00
2026-09-16 16:00:00   GOLD 4,330.35 4,353.78 4,327.47 4,347.60   17.33     6.18   17.25     2.89 117,595.00
2026-09-16 20:00:00   GOLD 4,347.41 4,361.57 4,324.25 4,346.60   -1.00    14.16   -0.81    22.35 178,615.00
2026-09-17 00:00:00   GOLD 4,346.59 4,367.41 4,235.16 4,263.85  -82.75    20.82  -82.74    28.69 385,050.00
2026-09-17 04:00:00   GOLD 4,260.09 4,292.48 4,257.60 4,280.41   16.56    12.06   20.32     2.49  75,652.00
2026-09-17 08:00:00   GOLD 4,280.42 4,318.29 4,274.14 4,297.45   17.03    20.84   17.03     6.28 137,289.00
2026-09-17 12:00:00   GOLD 4,297.41 4,335.45 4,285.60 4,311.77   14.32    23.68   14.35    11.81 120,276.00
2026-09-17 16:00:00   GOLD 4,311.77 4,381.06 4,305.15 4,373.35   61.58     7.72   61.57     6.62 159,334.00
2026-09-17 20:00:00   GOLD 4,373.34 4,380.04 4,351.36 4,362.47  -10.88     6.70  -10.88    11.10 214,603.00
2026-09-18 00:00:00   GOLD 4,362.47 4,365.99 4,340.65 4,341.84  -20.62     3.52  -20.63     1.19  79,963.00
2026-09-18 04:00:00   GOLD 4,343.19 4,360.32 4,339.72 4,356.38   14.54     3.94   13.19     3.47  36,380.00
2026-09-18 08:00:00   GOLD 4,356.38 4,367.11 4,334.30 4,366.90   10.52     0.21   10.52    22.08 106,680.00
2026-09-18 12:00:00   GOLD 4,366.98 4,399.67 4,360.27 4,392.27   25.37     7.40   25.29     6.71 115,998.00
2026-09-18 16:00:00   GOLD 4,392.35 4,398.20 4,353.86 4,368.96  -23.31     5.85  -23.39    15.10 137,592.00
2026-09-18 20:00:00   GOLD 4,368.98 4,383.88 4,342.73 4,382.92   13.96     0.95   13.94    26.25 205,645.00
2026-09-19 00:00:00   GOLD 4,383.02 4,397.05 4,374.94 4,378.39   -4.53    14.03   -4.63     3.45  96,005.00
2026-09-21 04:00:00   GOLD 4,379.94 4,382.43 4,358.40 4,366.89  -11.50     2.49  -13.05     8.48  55,136.00
2026-09-21 08:00:00   GOLD 4,366.90 4,383.39 4,355.28 4,355.98  -10.91    16.49  -10.92     0.70 111,534.00
2026-09-21 12:00:00   GOLD 4,355.95 4,362.15 4,342.04 4,353.28   -2.69     6.19   -2.67    11.24 108,459.00
2026-09-21 16:00:00   GOLD 4,353.26 4,374.94 4,340.10 4,359.58    6.30    15.36    6.32    13.15  93,124.00
2026-09-21 20:00:00   GOLD 4,359.56 4,369.85 4,322.81 4,343.40  -16.18    10.29  -16.17    20.59 174,450.00
2026-09-22 00:00:00   GOLD 4,343.43 4,353.80 4,337.55 4,343.55    0.15    10.25    0.11     5.88  72,991.00
2026-09-22 04:00:00   GOLD 4,348.15 4,376.01 4,346.69 4,360.42   16.88    15.59   12.27     1.46  55,578.00
2026-09-22 08:00:00   GOLD 4,360.49 4,365.19 4,335.07 4,342.93  -17.49     4.70  -17.56     7.86 109,943.00
2026-09-22 12:00:00   GOLD 4,342.88 4,347.48 4,291.49 4,330.15  -12.78     4.60  -12.73    38.66 183,291.00
2026-09-22 16:00:00   GOLD 4,330.13 4,344.03 4,308.98 4,333.87    3.72    10.16    3.74    21.15 172,356.00
2026-09-22 20:00:00   GOLD 4,333.86 4,344.28 4,315.02 4,336.26    2.39     8.02    2.40    18.85 195,562.00
2026-09-23 00:00:00   GOLD 4,336.27 4,371.38 4,334.68 4,358.54   22.28    12.84   22.27     1.59 123,435.00
2026-09-23 04:00:00   GOLD 4,363.61 4,369.56 4,355.26 4,357.63   -0.91     5.95   -5.98     2.38  44,353.00
2026-09-23 08:00:00   GOLD 4,357.58 4,359.36 4,333.32 4,344.22  -13.41     1.78  -13.36    10.90  68,662.00
2026-09-23 12:00:00   GOLD 4,344.14 4,345.81 4,315.51 4,318.35  -25.87     1.67  -25.79     2.84  85,827.00
2026-09-23 16:00:00   GOLD 4,318.36 4,320.56 4,294.62 4,309.84   -8.52     2.20   -8.52    15.22  98,735.00
2026-09-23 20:00:00   GOLD 4,309.98 4,313.56 4,277.65 4,284.98  -24.86     3.58  -25.00     7.33 210,206.00
2026-09-24 00:00:00   GOLD 4,285.07 4,294.94 4,274.74 4,287.41    2.43     7.53    2.34    10.32 108,377.00
2026-09-24 04:00:00   GOLD 4,293.19 4,299.46 4,284.11 4,298.44   11.03     1.02    5.26     9.07  45,265.00
2026-09-24 08:00:00   GOLD 4,298.51 4,303.40 4,273.81 4,289.57   -8.87     4.89   -8.93    15.76  96,667.00
2026-09-24 12:00:00   GOLD 4,289.58 4,296.44 4,260.75 4,261.50  -28.07     6.86  -28.08     0.75 143,408.00
2026-09-24 16:00:00   GOLD 4,261.51 4,283.37 4,244.27 4,281.11   19.61     2.26   19.61    17.23 138,550.00
2026-09-24 20:00:00   GOLD 4,281.18 4,288.56 4,244.81 4,273.23   -7.88     7.38   -7.94    28.42 216,204.00
2026-09-25 00:00:00   GOLD 4,273.09 4,281.94 4,256.40 4,273.80    0.57     8.14    0.72    16.69 139,501.00
2026-09-25 04:00:00   GOLD 4,274.82 4,281.18 4,264.31 4,278.66    4.86     2.52    3.84    10.51  47,903.00
2026-09-25 08:00:00   GOLD 4,278.69 4,295.90 4,262.76 4,263.10  -15.56    17.21  -15.59     0.34  94,815.00
2026-09-25 12:00:00   GOLD 4,263.08 4,297.45 4,256.35 4,293.40   30.30     4.05   30.32     6.73 120,354.00
2026-09-25 16:00:00   GOLD 4,293.40 4,315.80 4,289.61 4,298.24    4.84    17.56    4.84     3.79 127,227.00
2026-09-25 20:00:00   GOLD 4,298.25 4,300.40 4,254.58 4,286.54  -11.70     2.15  -11.71    31.96 240,325.00
2026-09-26 00:00:00   GOLD 4,286.61 4,297.31 4,279.56 4,284.97   -1.57    10.70   -1.64     5.41 110,663.00
2026-09-28 04:00:00   GOLD 4,272.44 4,275.32 4,227.23 4,231.03  -53.94     2.89  -41.41     3.80  80,352.00
2026-09-28 08:00:00   GOLD 4,231.04 4,231.82 4,191.47 4,194.82  -36.21     0.78  -36.22     3.35 144,936.00
2026-09-28 12:00:00   GOLD 4,194.86 4,198.09 4,142.69 4,152.54  -42.28     3.22  -42.32     9.85 148,661.00

==================================================
      HOÀN THÀNH PHÂN TÍCH
==================================================
