==================================================
      VNSTOCK 4.x OPTIMIZED ANALYZER
      Danh sách: GOLD
      Khung: 15m, Số lượng: 25
==================================================

==================================================
      PHÂN TÍCH MÃ: GOLD (Gold / USD (TradingView)) 
      Khung thời gian: 15m
==================================================

--- [ LỊCH SỬ GIÁ GOLD  ] ---
                   time symbol     open     high      low    close  change  wick_up  body  wick_dn    volume
0   2026-08-04 03:00:00   GOLD 4,052.14 4,053.06 4,050.32 4,052.74    0.66     0.32  0.60     1.82  2,977.00
1   2026-08-04 03:15:00   GOLD 4,052.76 4,055.99 4,051.64 4,054.49    1.75     1.50  1.74     1.12  1,835.00
2   2026-08-04 03:30:00   GOLD 4,054.55 4,058.22 4,054.09 4,056.37    1.88     1.85  1.82     0.46  2,800.00
3   2026-08-04 03:45:00   GOLD 4,056.32 4,057.30 4,054.54 4,055.33   -1.04     0.98 -0.99     0.79  2,160.00
4   2026-08-04 05:00:00   GOLD 4,052.12 4,052.24 4,049.04 4,051.30   -4.03     0.12 -0.82     2.26    979.00
5   2026-08-04 05:15:00   GOLD 4,051.32 4,052.80 4,050.72 4,052.28    0.98     0.52  0.97     0.59  1,261.00
6   2026-08-04 05:30:00   GOLD 4,052.28 4,053.58 4,051.73 4,052.82    0.54     0.76  0.54     0.55  1,576.00
7   2026-08-04 05:45:00   GOLD 4,052.82 4,053.52 4,051.22 4,052.76   -0.06     0.70 -0.05     1.55  2,023.00
8   2026-08-04 06:00:00   GOLD 4,052.72 4,055.22 4,050.22 4,051.53   -1.23     2.49 -1.19     1.31  2,130.00
9   2026-08-04 06:15:00   GOLD 4,051.51 4,054.75 4,050.72 4,051.80    0.27     2.95  0.30     0.79  1,797.00
10  2026-08-04 06:30:00   GOLD 4,051.82 4,052.90 4,051.20 4,052.47    0.67     0.43  0.66     0.61  1,096.00
11  2026-08-04 06:45:00   GOLD 4,052.43 4,054.19 4,051.38 4,053.96    1.49     0.23  1.53     1.05  2,007.00
12  2026-08-04 07:00:00   GOLD 4,053.93 4,069.47 4,053.06 4,063.72    9.76     5.75  9.79     0.87  7,810.00
13  2026-08-04 07:15:00   GOLD 4,063.59 4,064.55 4,058.17 4,059.14   -4.57     0.95 -4.45     0.97  3,449.00
14  2026-08-04 07:30:00   GOLD 4,059.17 4,060.84 4,055.70 4,056.62   -2.53     1.66 -2.55     0.91  2,624.00
15  2026-08-04 07:45:00   GOLD 4,056.64 4,058.08 4,048.64 4,049.43   -7.19     1.43 -7.22     0.79  4,695.00
16  2026-08-04 08:00:00   GOLD 4,049.34 4,050.85 4,042.72 4,047.03   -2.40     1.51 -2.32     4.31 10,011.00
17  2026-08-04 08:15:00   GOLD 4,047.05 4,052.65 4,047.05 4,049.36    2.34     3.29  2.32     0.00  5,025.00
18  2026-08-04 08:30:00   GOLD 4,049.39 4,060.38 4,048.57 4,059.36   10.00     1.01  9.97     0.82  6,024.00
19  2026-08-04 08:45:00   GOLD 4,059.38 4,061.97 4,056.72 4,058.82   -0.54     2.59 -0.55     2.11  6,379.00
20  2026-08-04 09:00:00   GOLD 4,058.82 4,061.30 4,055.74 4,058.36   -0.46     2.48 -0.46     2.62  4,396.00
21  2026-08-04 09:15:00   GOLD 4,058.41 4,059.96 4,055.88 4,056.88   -1.48     1.55 -1.53     1.00  3,425.00
22  2026-08-04 09:30:00   GOLD 4,056.93 4,065.24 4,055.62 4,061.89    5.01     3.35  4.96     1.31  5,455.00
23  2026-08-04 09:45:00   GOLD 4,061.86 4,062.47 4,058.20 4,059.08   -2.81     0.61 -2.78     0.88  4,457.00
24  2026-08-04 10:00:00   GOLD 4,059.00 4,060.80 4,056.54 4,058.62   -0.46     1.80 -0.38     2.08  3,524.00

==================================================
      HOÀN THÀNH PHÂN TÍCH          
==================================================
