==================================================
      VNSTOCK 4.x OPTIMIZED ANALYZER
      Danh sách: GOLD
      Khung: 5m, Số lượng: 25
==================================================

==================================================
      PHÂN TÍCH MÃ: GOLD (Gold / USD (TradingView)) 
      Khung thời gian: 5m
==================================================

--- [ LỊCH SỬ GIÁ GOLD  ] ---
                   time symbol     open     high      low    close  change  wick_up  body  wick_dn   volume
0   2026-08-04 08:10:00   GOLD 4,044.93 4,048.59 4,043.34 4,047.03    2.14     1.57  2.09     1.59 1,140.00
1   2026-08-04 08:15:00   GOLD 4,047.05 4,050.61 4,047.05 4,049.95    2.93     0.66  2.91     0.00 1,719.00
2   2026-08-04 08:20:00   GOLD 4,050.01 4,050.78 4,047.97 4,049.05   -0.90     0.77 -0.96     1.08 1,154.00
3   2026-08-04 08:25:00   GOLD 4,049.05 4,052.65 4,048.22 4,049.36    0.31     3.29  0.32     0.83 2,152.00
4   2026-08-04 08:30:00   GOLD 4,049.39 4,051.72 4,048.57 4,049.14   -0.22     2.33 -0.26     0.57 1,517.00
5   2026-08-04 08:35:00   GOLD 4,049.18 4,056.12 4,049.05 4,052.86    3.72     3.26  3.69     0.12 2,619.00
6   2026-08-04 08:40:00   GOLD 4,052.82 4,060.38 4,052.32 4,059.36    6.50     1.01  6.55     0.49 1,888.00
7   2026-08-04 08:45:00   GOLD 4,059.38 4,060.87 4,057.34 4,057.34   -2.02     1.49 -2.03     0.00 2,014.00
8   2026-08-04 08:50:00   GOLD 4,057.28 4,061.97 4,056.72 4,059.74    2.40     2.23  2.45     0.57 2,274.00
9   2026-08-04 08:55:00   GOLD 4,059.78 4,061.39 4,058.22 4,058.82   -0.92     1.61 -0.96     0.61 2,091.00
10  2026-08-04 09:00:00   GOLD 4,058.82 4,061.30 4,056.74 4,057.11   -1.72     2.48 -1.72     0.37 1,914.00
11  2026-08-04 09:05:00   GOLD 4,057.09 4,057.70 4,055.74 4,056.86   -0.25     0.61 -0.24     1.12 1,219.00
12  2026-08-04 09:10:00   GOLD 4,056.80 4,059.22 4,056.23 4,058.36    1.51     0.86  1.56     0.57 1,263.00
13  2026-08-04 09:15:00   GOLD 4,058.41 4,059.57 4,057.73 4,059.05    0.69     0.52  0.64     0.68 1,039.00
14  2026-08-04 09:20:00   GOLD 4,059.07 4,059.96 4,056.91 4,057.19   -1.86     0.89 -1.88     0.28 1,240.00
15  2026-08-04 09:25:00   GOLD 4,057.18 4,058.03 4,055.88 4,056.88   -0.31     0.85 -0.30     1.00 1,146.00
16  2026-08-04 09:30:00   GOLD 4,056.93 4,060.16 4,055.62 4,057.89    1.01     2.26  0.97     1.31 1,582.00
17  2026-08-04 09:35:00   GOLD 4,057.89 4,065.24 4,057.89 4,063.54    5.64     1.70  5.65     0.00 1,757.00
18  2026-08-04 09:40:00   GOLD 4,063.53 4,063.86 4,060.22 4,061.89   -1.65     0.33 -1.65     1.67 2,116.00
19  2026-08-04 09:45:00   GOLD 4,061.86 4,062.47 4,060.26 4,060.72   -1.16     0.61 -1.14     0.46 1,680.00
20  2026-08-04 09:50:00   GOLD 4,060.73 4,061.93 4,059.74 4,060.00   -0.72     1.20 -0.73     0.26 1,071.00
21  2026-08-04 09:55:00   GOLD 4,060.01 4,061.24 4,058.20 4,059.08   -0.92     1.23 -0.93     0.88 1,706.00
22  2026-08-04 10:00:00   GOLD 4,059.00 4,060.80 4,057.83 4,057.84   -1.24     1.80 -1.16     0.01 1,421.00
23  2026-08-04 10:05:00   GOLD 4,057.88 4,058.84 4,056.54 4,058.38    0.54     0.45  0.51     1.34 1,185.00
24  2026-08-04 10:10:00   GOLD 4,058.28 4,060.59 4,058.28 4,058.70    0.32     1.89  0.42     0.00   858.00

==================================================
      HOÀN THÀNH PHÂN TÍCH          
==================================================
