==================================================
      VNSTOCK 4.x OPTIMIZED ANALYZER
      Danh sách: GOLD
      Khung: 4H, Số lượng: 300
==================================================

==================================================
      PHÂN TÍCH MÃ: GOLD (Gold / USD (TradingView)) 
      Khung thời gian: 4H
==================================================

--- [ LỊCH SỬ GIÁ GOLD  ] ---
                    time symbol     open     high      low    close  change  wick_up    body  wick_dn     volume
0    2026-06-10 12:00:00   GOLD 4,174.90 4,222.01 4,161.47 4,169.14   -5.72    47.11   -5.76     7.66 168,986.00
1    2026-06-10 16:00:00   GOLD 4,169.11 4,179.65 4,130.62 4,147.23  -21.90    10.54  -21.88    16.61 225,569.00
2    2026-06-10 20:00:00   GOLD 4,147.29 4,186.42 4,107.03 4,122.13  -25.10    39.13  -25.16    15.10 386,088.00
3    2026-06-11 00:00:00   GOLD 4,122.09 4,135.08 4,067.24 4,072.01  -50.12    12.99  -50.07     4.78 195,693.00
4    2026-06-11 04:00:00   GOLD 4,061.70 4,078.15 4,023.87 4,075.92    3.91     2.23   14.22    37.83 157,050.00
5    2026-06-11 08:00:00   GOLD 4,075.72 4,118.40 4,052.30 4,082.93    7.01    35.47    7.20    23.43 209,410.00
6    2026-06-11 12:00:00   GOLD 4,082.93 4,112.73 4,072.89 4,084.72    1.79    28.01    1.78    10.05 145,877.00
7    2026-06-11 16:00:00   GOLD 4,084.71 4,096.54 4,057.55 4,081.97   -2.75    11.83   -2.74    24.42 149,548.00
8    2026-06-11 20:00:00   GOLD 4,081.98 4,107.76 4,052.97 4,080.38   -1.59    25.78   -1.61    27.40 310,330.00
9    2026-06-12 00:00:00   GOLD 4,080.38 4,220.22 4,072.02 4,211.19  130.82     9.03  130.81     8.36 341,535.00
10   2026-06-12 04:00:00   GOLD 4,208.53 4,246.72 4,200.88 4,208.44   -2.76    38.18   -0.10     7.56 107,492.00
11   2026-06-12 08:00:00   GOLD 4,208.40 4,210.98 4,171.40 4,189.92  -18.52     2.57  -18.48    18.52 126,865.00
12   2026-06-12 12:00:00   GOLD 4,189.89 4,226.13 4,170.29 4,219.55   29.62     6.59   29.66    19.60 161,385.00
13   2026-06-12 16:00:00   GOLD 4,219.55 4,228.07 4,188.59 4,191.76  -27.78     8.52  -27.79     3.17 136,565.00
14   2026-06-12 20:00:00   GOLD 4,191.80 4,235.69 4,177.25 4,216.15   24.39    19.53   24.36    14.55 317,917.00
15   2026-06-13 00:00:00   GOLD 4,216.19 4,235.48 4,201.82 4,218.56    2.41    16.92    2.37    14.37 134,983.00
16   2026-06-15 04:00:00   GOLD 4,301.66 4,309.19 4,280.40 4,292.55   73.98     7.52   -9.12    12.15  66,557.00
17   2026-06-15 08:00:00   GOLD 4,292.64 4,335.57 4,285.32 4,328.35   35.80     7.22   35.71     7.32 101,678.00
18   2026-06-15 12:00:00   GOLD 4,328.33 4,345.56 4,301.01 4,334.14    5.80    11.41    5.81    27.32 102,819.00
19   2026-06-15 16:00:00   GOLD 4,334.15 4,349.41 4,324.80 4,349.15   15.01     0.26   15.00     9.35  90,257.00
20   2026-06-15 20:00:00   GOLD 4,349.14 4,369.66 4,334.65 4,339.19   -9.96    20.53   -9.95     4.54 172,095.00
21   2026-06-16 00:00:00   GOLD 4,339.26 4,339.26 4,306.55 4,308.85  -30.34     0.00  -30.41     2.31  86,640.00
22   2026-06-16 04:00:00   GOLD 4,312.98 4,320.95 4,306.11 4,319.30   10.44     1.66    6.31     6.88  41,078.00
23   2026-06-16 08:00:00   GOLD 4,319.31 4,333.38 4,307.70 4,322.63    3.34    10.74    3.32    11.61  79,717.00
24   2026-06-16 12:00:00   GOLD 4,322.65 4,348.10 4,313.53 4,347.02   24.39     1.08   24.37     9.12  83,087.00
25   2026-06-16 16:00:00   GOLD 4,347.03 4,354.95 4,335.16 4,354.66    7.64     0.29    7.63    11.86  80,390.00
26   2026-06-16 20:00:00   GOLD 4,354.57 4,354.84 4,313.32 4,340.60  -14.06     0.27  -13.97    27.28 161,843.00
27   2026-06-17 00:00:00   GOLD 4,340.57 4,342.94 4,325.37 4,331.28   -9.32     2.37   -9.29     5.91  85,219.00
28   2026-06-17 04:00:00   GOLD 4,331.69 4,341.78 4,328.61 4,337.06    5.78     4.72    5.37     3.07  30,665.00
29   2026-06-17 08:00:00   GOLD 4,336.99 4,349.60 4,317.66 4,326.85  -10.22    12.61  -10.15     9.18  67,280.00
30   2026-06-17 12:00:00   GOLD 4,326.87 4,334.28 4,317.19 4,324.72   -2.12     7.41   -2.15     7.53  76,525.00
31   2026-06-17 16:00:00   GOLD 4,324.67 4,335.81 4,319.94 4,333.68    8.96     2.13    9.01     4.73  78,495.00
32   2026-06-17 20:00:00   GOLD 4,333.68 4,366.56 4,324.09 4,359.52   25.84     7.04   25.84     9.59 153,581.00
33   2026-06-18 00:00:00   GOLD 4,359.51 4,382.61 4,219.16 4,257.65 -101.87    23.11 -101.86    38.48 405,412.00
34   2026-06-18 04:00:00   GOLD 4,257.68 4,315.39 4,257.68 4,308.39   50.74     7.00   50.72     0.00  76,447.00
35   2026-06-18 08:00:00   GOLD 4,308.35 4,329.86 4,306.83 4,315.68    7.29    14.18    7.33     1.52  95,889.00
36   2026-06-18 12:00:00   GOLD 4,315.69 4,324.91 4,265.60 4,266.97  -48.72     9.22  -48.72     1.36 113,733.00
37   2026-06-18 16:00:00   GOLD 4,267.03 4,273.36 4,240.07 4,246.79  -20.18     6.34  -20.24     6.72 137,668.00
38   2026-06-18 20:00:00   GOLD 4,246.77 4,276.74 4,214.16 4,219.65  -27.14    29.97  -27.12     5.48 248,124.00
39   2026-06-19 00:00:00   GOLD 4,219.68 4,233.23 4,201.49 4,208.99  -10.65    13.56  -10.68     7.50 126,197.00
40   2026-06-19 04:00:00   GOLD 4,204.63 4,210.69 4,184.07 4,190.62  -18.38     6.06  -14.01     6.55  54,305.00
41   2026-06-19 08:00:00   GOLD 4,190.62 4,194.66 4,125.23 4,125.69  -64.93     4.04  -64.94     0.46  86,380.00
42   2026-06-19 12:00:00   GOLD 4,125.63 4,178.52 4,121.95 4,169.32   43.64     9.20   43.69     3.68 100,085.00
43   2026-06-19 16:00:00   GOLD 4,169.31 4,180.12 4,142.03 4,179.07    9.74     1.05    9.76    27.28  89,505.00
44   2026-06-19 20:00:00   GOLD 4,179.06 4,183.12 4,142.55 4,155.40  -23.66     4.06  -23.66    12.86  95,657.00
45   2026-06-22 04:00:00   GOLD 4,157.10 4,201.24 4,136.69 4,201.19   45.78     0.05   44.09    20.41  86,408.00
46   2026-06-22 08:00:00   GOLD 4,201.27 4,221.37 4,170.69 4,181.94  -19.24    20.10  -19.33    11.25 131,055.00
47   2026-06-22 12:00:00   GOLD 4,181.82 4,207.35 4,179.51 4,197.45   15.51     9.90   15.64     2.31 112,081.00
48   2026-06-22 16:00:00   GOLD 4,197.43 4,215.26 4,192.24 4,193.30   -4.16    17.83   -4.13     1.06  96,281.00
49   2026-06-22 20:00:00   GOLD 4,193.29 4,210.78 4,169.82 4,190.13   -3.16    17.49   -3.16    20.31 204,409.00
50   2026-06-23 00:00:00   GOLD 4,190.23 4,193.84 4,177.16 4,191.69    1.56     2.15    1.45    13.07  80,385.00
51   2026-06-23 04:00:00   GOLD 4,192.85 4,195.26 4,178.48 4,193.49    1.80     1.77    0.64    14.37  41,878.00
52   2026-06-23 08:00:00   GOLD 4,193.35 4,198.60 4,114.82 4,118.32  -75.16     5.26  -75.02     3.50 128,997.00
53   2026-06-23 12:00:00   GOLD 4,118.36 4,137.60 4,091.03 4,105.34  -12.98    19.24  -13.02    14.31 182,323.00
54   2026-06-23 16:00:00   GOLD 4,105.32 4,133.48 4,103.94 4,113.31    7.97    20.17    7.99     1.38 136,600.00
55   2026-06-23 20:00:00   GOLD 4,113.30 4,145.22 4,105.43 4,134.39   21.08    10.83   21.09     7.86 227,248.00
56   2026-06-24 00:00:00   GOLD 4,134.35 4,139.95 4,107.53 4,110.74  -23.64     5.60  -23.61     3.22 107,059.00
57   2026-06-24 04:00:00   GOLD 4,111.71 4,115.23 4,080.89 4,097.50  -13.24     3.52  -14.21    16.61  97,568.00
58   2026-06-24 08:00:00   GOLD 4,097.55 4,102.51 4,050.47 4,064.64  -32.86     4.96  -32.91    14.17 179,884.00
59   2026-06-24 12:00:00   GOLD 4,064.47 4,097.73 4,060.86 4,076.39   11.75    21.34   11.91     3.61 137,618.00
60   2026-06-24 16:00:00   GOLD 4,076.39 4,079.36 3,987.66 3,987.93  -88.46     2.97  -88.46     0.27 182,089.00
61   2026-06-24 20:00:00   GOLD 3,988.11 4,042.26 3,964.64 4,006.84   18.91    35.42   18.73    23.47 333,701.00
62   2026-06-25 00:00:00   GOLD 4,006.86 4,011.49 3,959.08 3,999.50   -7.34     4.62   -7.36    40.42 223,121.00
63   2026-06-25 04:00:00   GOLD 4,006.95 4,018.82 3,978.50 3,991.78   -7.72    11.87  -15.18    13.28  80,446.00
64   2026-06-25 08:00:00   GOLD 3,991.71 4,005.82 3,962.47 3,996.22    4.45     9.60    4.51    29.24 205,243.00
65   2026-06-25 12:00:00   GOLD 3,996.20 4,002.11 3,971.70 3,989.17   -7.05     5.91   -7.03    17.47 155,579.00
66   2026-06-25 16:00:00   GOLD 3,989.24 4,019.38 3,973.64 4,012.67   23.50     6.71   23.43    15.60 138,175.00
67   2026-06-25 20:00:00   GOLD 4,012.68 4,044.09 3,999.17 4,028.73   16.06    15.36   16.05    13.51 317,549.00
68   2026-06-26 00:00:00   GOLD 4,028.78 4,044.14 4,021.97 4,026.92   -1.81    15.36   -1.86     4.95 135,848.00
69   2026-06-26 04:00:00   GOLD 4,030.09 4,036.51 4,011.57 4,020.49   -6.43     6.41   -9.60     8.92  70,333.00
70   2026-06-26 08:00:00   GOLD 4,020.51 4,030.01 3,982.95 4,011.70   -8.79     9.51   -8.80    28.76 137,769.00
71   2026-06-26 12:00:00   GOLD 4,011.71 4,039.88 4,005.63 4,030.94   19.24     8.93   19.23     6.08 120,096.00
72   2026-06-26 16:00:00   GOLD 4,030.95 4,061.61 4,029.59 4,058.99   28.05     2.62   28.04     1.36 105,849.00
73   2026-06-26 20:00:00   GOLD 4,059.03 4,095.99 4,043.23 4,085.20   26.21    10.79   26.16    15.80 229,678.00
74   2026-06-27 00:00:00   GOLD 4,085.22 4,091.20 4,064.70 4,088.39    3.19     2.82    3.16    20.52 100,153.00
75   2026-06-29 04:00:00   GOLD 4,075.86 4,083.82 4,048.15 4,069.41  -18.98     7.96   -6.45    21.26  88,526.00
76   2026-06-29 08:00:00   GOLD 4,069.41 4,076.01 4,049.66 4,052.34  -17.07     6.60  -17.08     2.67 130,699.00
77   2026-06-29 12:00:00   GOLD 4,052.23 4,068.83 4,039.32 4,047.28   -5.05    16.60   -4.95     7.96 121,955.00
78   2026-06-29 16:00:00   GOLD 4,047.26 4,055.49 4,024.44 4,043.75   -3.53     8.22   -3.51    19.31  99,973.00
79   2026-06-29 20:00:00   GOLD 4,043.78 4,051.93 4,000.32 4,023.97  -19.78     8.15  -19.81    23.65 178,169.00
80   2026-06-30 00:00:00   GOLD 4,023.98 4,032.17 4,005.43 4,016.95   -7.02     8.19   -7.03    11.52  63,505.00
81   2026-06-30 04:00:00   GOLD 4,018.65 4,022.51 3,979.98 3,987.34  -29.61     3.86  -31.31     7.36  57,736.00
82   2026-06-30 08:00:00   GOLD 3,987.32 3,998.27 3,942.10 3,985.59   -1.76    10.95   -1.74    43.49 172,540.00
83   2026-06-30 12:00:00   GOLD 3,985.57 4,037.66 3,975.23 4,015.72   30.14    21.94   30.15    10.34 140,706.00
84   2026-06-30 16:00:00   GOLD 4,015.70 4,037.43 4,008.74 4,009.97   -5.76    21.73   -5.73     1.23  90,953.00
85   2026-06-30 20:00:00   GOLD 4,010.03 4,063.48 4,009.45 4,026.18   16.21    37.30   16.15     0.57 199,977.00
86   2026-07-01 00:00:00   GOLD 4,026.14 4,033.93 4,006.58 4,007.53  -18.65     7.78  -18.62     0.95  77,932.00
87   2026-07-01 04:00:00   GOLD 4,014.34 4,018.51 3,993.21 3,996.72  -10.81     4.16  -17.62     3.51  45,197.00
88   2026-07-01 08:00:00   GOLD 3,996.77 3,999.90 3,970.39 3,976.70  -20.02     3.13  -20.07     6.30 110,922.00
89   2026-07-01 12:00:00   GOLD 3,976.68 3,984.55 3,960.28 3,974.66   -2.03     7.87   -2.02    14.39 103,407.00
90   2026-07-01 16:00:00   GOLD 3,974.64 4,035.59 3,972.95 4,022.91   48.24    12.69   48.26     1.70 110,361.00
91   2026-07-01 20:00:00   GOLD 4,022.93 4,115.81 4,012.86 4,071.28   48.38    44.53   48.36    10.07 259,900.00
92   2026-07-02 00:00:00   GOLD 4,071.18 4,073.72 4,028.26 4,031.70  -39.58     2.55  -39.47     3.44 103,584.00
93   2026-07-02 04:00:00   GOLD 4,038.71 4,052.80 4,030.89 4,052.09   20.39     0.70   13.38     7.82  46,213.00
94   2026-07-02 08:00:00   GOLD 4,052.14 4,074.24 4,041.51 4,060.87    8.78    13.37    8.73    10.62 107,833.00
95   2026-07-02 12:00:00   GOLD 4,060.89 4,080.12 4,053.24 4,076.19   15.32     3.93   15.30     7.64 115,242.00
96   2026-07-02 16:00:00   GOLD 4,076.20 4,140.52 4,057.44 4,117.58   41.39    22.94   41.38    18.76 141,649.00
97   2026-07-02 20:00:00   GOLD 4,117.55 4,144.08 4,100.35 4,118.19    0.61    25.89    0.64    17.20 287,983.00
98   2026-07-03 00:00:00   GOLD 4,118.02 4,127.09 4,105.85 4,123.60    5.42     3.49    5.58    12.17 108,095.00
99   2026-07-03 04:00:00   GOLD 4,125.81 4,151.14 4,121.47 4,147.11   23.51     4.03   21.30     4.34  53,568.00
100  2026-07-03 08:00:00   GOLD 4,147.18 4,195.51 4,146.73 4,179.06   31.95    16.45   31.89     0.45  96,561.00
101  2026-07-03 12:00:00   GOLD 4,179.06 4,186.65 4,160.41 4,181.14    2.08     5.51    2.09    18.64  76,623.00
102  2026-07-03 16:00:00   GOLD 4,181.09 4,186.46 4,168.57 4,176.77   -4.37     5.37   -4.32     8.20  51,302.00
103  2026-07-03 20:00:00   GOLD 4,176.90 4,179.38 4,155.41 4,175.69   -1.08     2.48   -1.21    20.28  79,484.00
104  2026-07-06 04:00:00   GOLD 4,180.35 4,202.23 4,170.30 4,179.72    4.02    21.88   -0.63     9.42  72,800.00
105  2026-07-06 08:00:00   GOLD 4,179.52 4,202.70 4,157.52 4,159.87  -19.85    23.18  -19.65     2.35 113,124.00
106  2026-07-06 12:00:00   GOLD 4,159.85 4,166.52 4,144.83 4,150.52   -9.35     6.67   -9.33     5.69  85,216.00
107  2026-07-06 16:00:00   GOLD 4,150.53 4,159.60 4,131.52 4,139.65  -10.87     9.07  -10.88     8.13  80,964.00
108  2026-07-06 20:00:00   GOLD 4,139.66 4,156.34 4,128.51 4,155.14   15.49     1.20   15.48    11.15 136,492.00
109  2026-07-07 00:00:00   GOLD 4,155.15 4,167.59 4,150.45 4,165.11    9.97     2.48    9.97     4.69  64,552.00
110  2026-07-07 04:00:00   GOLD 4,164.73 4,168.65 4,145.19 4,146.13  -18.98     3.91  -18.60     0.94  43,825.00
111  2026-07-07 08:00:00   GOLD 4,146.10 4,148.07 4,124.53 4,126.84  -19.30     1.97  -19.26     2.30  99,410.00
112  2026-07-07 12:00:00   GOLD 4,126.89 4,139.40 4,116.70 4,126.08   -0.76    12.51   -0.81     9.38  94,761.00
113  2026-07-07 16:00:00   GOLD 4,126.06 4,175.09 4,119.81 4,172.40   46.32     2.69   46.34     6.25  94,418.00
114  2026-07-07 20:00:00   GOLD 4,172.51 4,180.52 4,135.94 4,145.23  -27.16     8.02  -27.27     9.29 171,758.00
115  2026-07-08 00:00:00   GOLD 4,145.19 4,148.35 4,092.30 4,106.12  -39.11     3.16  -39.07    13.82 133,230.00
116  2026-07-08 04:00:00   GOLD 4,105.04 4,126.82 4,095.74 4,111.74    5.62    15.08    6.70     9.30  67,199.00
117  2026-07-08 08:00:00   GOLD 4,111.58 4,131.22 4,096.56 4,125.30   13.56     5.93   13.72    15.02 121,068.00
118  2026-07-08 12:00:00   GOLD 4,125.29 4,133.99 4,052.28 4,057.01  -68.29     8.70  -68.28     4.72 177,613.00
119  2026-07-08 16:00:00   GOLD 4,056.93 4,086.45 4,040.57 4,072.32   15.32    14.12   15.39    16.36 178,267.00
120  2026-07-08 20:00:00   GOLD 4,072.33 4,083.18 4,021.82 4,063.87   -8.45    10.86   -8.46    42.05 291,157.00
121  2026-07-09 00:00:00   GOLD 4,063.88 4,091.67 4,059.77 4,077.12   13.25    14.55   13.24     4.11 145,996.00
122  2026-07-09 04:00:00   GOLD 4,074.41 4,090.02 4,070.38 4,073.97   -3.15    15.61   -0.44     3.59  51,456.00
123  2026-07-09 08:00:00   GOLD 4,073.99 4,082.83 4,054.40 4,064.41   -9.56     8.84   -9.58    10.01 101,623.00
124  2026-07-09 12:00:00   GOLD 4,064.40 4,118.01 4,063.85 4,108.34   43.93     9.66   43.94     0.55 108,108.00
125  2026-07-09 16:00:00   GOLD 4,108.34 4,122.63 4,093.86 4,107.69   -0.65    14.29   -0.65    13.83  95,309.00
126  2026-07-09 20:00:00   GOLD 4,107.66 4,138.03 4,106.88 4,128.15   20.47     9.88   20.49     0.79 141,849.00
127  2026-07-10 00:00:00   GOLD 4,128.11 4,138.06 4,118.91 4,123.79   -4.36     9.95   -4.32     4.88  69,584.00
128  2026-07-10 04:00:00   GOLD 4,125.25 4,128.47 4,114.55 4,126.51    2.72     1.96    1.26    10.70  32,101.00
129  2026-07-10 08:00:00   GOLD 4,126.56 4,134.92 4,108.72 4,115.32  -11.19     8.36  -11.24     6.60  81,194.00
130  2026-07-10 12:00:00   GOLD 4,115.31 4,120.19 4,094.86 4,098.03  -17.29     4.88  -17.28     3.17  72,171.00
131  2026-07-10 16:00:00   GOLD 4,098.02 4,117.59 4,094.53 4,100.77    2.74    16.82    2.74     3.49  59,835.00
132  2026-07-10 20:00:00   GOLD 4,100.86 4,115.51 4,072.80 4,104.52    3.76    10.99    3.66    28.06 150,641.00
133  2026-07-11 00:00:00   GOLD 4,104.52 4,121.38 4,097.93 4,120.67   16.15     0.70   16.15     6.60  59,720.00
134  2026-07-13 04:00:00   GOLD 4,090.98 4,094.82 4,061.11 4,074.11  -46.57     3.84  -16.88    12.99  84,693.00
135  2026-07-13 08:00:00   GOLD 4,074.36 4,089.91 4,050.47 4,058.95  -15.16    15.55  -15.41     8.48 142,521.00
136  2026-07-13 12:00:00   GOLD 4,058.93 4,080.84 4,044.06 4,074.59   15.64     6.26   15.65    14.88 140,598.00
137  2026-07-13 16:00:00   GOLD 4,074.55 4,076.72 4,046.43 4,067.56   -7.03     2.16   -6.99    21.13 113,041.00
138  2026-07-13 20:00:00   GOLD 4,067.61 4,067.80 3,986.58 3,993.50  -74.06     0.19  -74.11     6.92 275,544.00
139  2026-07-14 00:00:00   GOLD 3,993.66 4,006.24 3,986.92 4,001.18    7.68     5.06    7.53     6.74 146,450.00
140  2026-07-14 04:00:00   GOLD 4,001.64 4,007.41 3,983.55 4,004.28    3.10     3.12    2.64    18.09  81,687.00
141  2026-07-14 08:00:00   GOLD 4,004.32 4,023.57 3,992.10 4,020.26   15.98     3.31   15.94    12.22 130,267.00
142  2026-07-14 12:00:00   GOLD 4,020.28 4,034.25 4,014.51 4,016.07   -4.20    13.97   -4.21     1.55 103,794.00
143  2026-07-14 16:00:00   GOLD 4,016.07 4,104.05 4,013.93 4,076.22   60.16    27.83   60.15     2.15 161,585.00
144  2026-07-14 20:00:00   GOLD 4,076.34 4,100.69 4,057.81 4,061.62  -14.60    24.35  -14.71     3.82 280,344.00
145  2026-07-15 00:00:00   GOLD 4,061.61 4,065.17 4,042.89 4,052.78   -8.85     3.57   -8.83     9.89  93,578.00
146  2026-07-15 04:00:00   GOLD 4,053.22 4,060.84 4,046.93 4,059.30    6.52     1.55    6.08     6.29  41,932.00
147  2026-07-15 08:00:00   GOLD 4,059.28 4,062.12 4,028.10 4,033.24  -26.05     2.84  -26.04     5.14  89,546.00
148  2026-07-15 12:00:00   GOLD 4,033.32 4,037.16 4,017.47 4,031.35   -1.89     3.84   -1.97    13.88 104,995.00
149  2026-07-15 16:00:00   GOLD 4,031.39 4,071.59 4,025.61 4,067.85   36.50     3.74   36.46     5.78 104,830.00
150  2026-07-15 20:00:00   GOLD 4,068.05 4,074.18 4,026.95 4,033.83  -34.02     6.13  -34.22     6.88 207,226.00
151  2026-07-16 00:00:00   GOLD 4,033.82 4,081.52 4,033.11 4,060.70   26.87    20.82   26.88     0.71 118,232.00
152  2026-07-16 04:00:00   GOLD 4,060.64 4,064.71 4,043.74 4,044.61  -16.09     4.07  -16.03     0.86  44,890.00
153  2026-07-16 08:00:00   GOLD 4,044.59 4,050.74 4,024.27 4,033.30  -11.30     6.14  -11.29     9.03 133,149.00
154  2026-07-16 12:00:00   GOLD 4,033.30 4,036.64 4,023.03 4,035.29    1.99     1.36    1.99    10.27 113,646.00
155  2026-07-16 16:00:00   GOLD 4,035.30 4,043.36 3,990.58 3,992.54  -42.75     8.07  -42.76     1.96 140,620.00
156  2026-07-16 20:00:00   GOLD 3,992.55 4,017.03 3,973.80 3,992.05   -0.49    24.48   -0.50    18.25 233,497.00
157  2026-07-17 00:00:00   GOLD 3,992.09 3,992.99 3,969.34 3,976.58  -15.47     0.90  -15.51     7.24 149,273.00
158  2026-07-17 04:00:00   GOLD 3,979.26 3,992.06 3,973.36 3,992.00   15.42     0.06   12.74     5.90  70,303.00
159  2026-07-17 08:00:00   GOLD 3,991.97 4,008.80 3,970.74 3,981.97  -10.03    16.82  -10.01    11.23 144,105.00
160  2026-07-17 12:00:00   GOLD 3,981.97 4,007.30 3,975.30 3,994.26   12.30    13.03   12.30     6.67 152,532.00
161  2026-07-17 16:00:00   GOLD 3,994.26 4,002.45 3,964.16 3,966.32  -27.94     8.20  -27.93     2.16 128,396.00
162  2026-07-17 20:00:00   GOLD 3,966.34 4,023.84 3,959.80 4,014.98   48.66     8.86   48.64     6.54 327,167.00
163  2026-07-18 00:00:00   GOLD 4,015.09 4,019.27 4,002.42 4,017.32    2.34     1.95    2.22    12.67 130,078.00
164  2026-07-20 04:00:00   GOLD 3,995.57 4,010.32 3,982.63 4,008.70   -8.62     1.63   13.12    12.94  78,602.00
165  2026-07-20 08:00:00   GOLD 4,008.73 4,028.94 3,995.82 4,018.93   10.24    10.01   10.20    12.91 149,870.00
166  2026-07-20 12:00:00   GOLD 4,019.04 4,030.88 4,002.18 4,019.03    0.10    11.84   -0.01    16.85 119,170.00
167  2026-07-20 16:00:00   GOLD 4,019.01 4,040.82 4,006.51 4,008.16  -10.87    21.81  -10.84     1.66 125,791.00
168  2026-07-20 20:00:00   GOLD 4,008.18 4,019.63 3,998.33 4,009.78    1.61     9.86    1.60     9.85 174,390.00
169  2026-07-21 00:00:00   GOLD 4,009.77 4,018.03 4,003.41 4,007.59   -2.19     8.26   -2.18     4.18 102,465.00
170  2026-07-21 04:00:00   GOLD 4,008.11 4,027.22 3,999.91 4,024.80   17.22     2.42   16.70     8.19  73,738.00
171  2026-07-21 08:00:00   GOLD 4,024.81 4,051.92 4,018.46 4,049.67   24.87     2.25   24.86     6.35 100,340.00
172  2026-07-21 12:00:00   GOLD 4,049.68 4,084.30 4,046.38 4,062.88   13.20    21.43   13.20     3.30 100,999.00
173  2026-07-21 16:00:00   GOLD 4,062.92 4,070.24 4,051.26 4,054.00   -8.88     7.32   -8.92     2.74  87,867.00
174  2026-07-21 20:00:00   GOLD 4,053.90 4,083.41 4,044.72 4,071.55   17.55    11.85   17.65     9.18 158,583.00
175  2026-07-22 00:00:00   GOLD 4,071.55 4,087.14 4,066.83 4,077.32    5.77     9.81    5.77     4.72  72,240.00
176  2026-07-22 04:00:00   GOLD 4,078.68 4,102.57 4,076.76 4,097.58   20.26     4.99   18.90     1.92  54,984.00
177  2026-07-22 08:00:00   GOLD 4,097.67 4,141.72 4,096.78 4,126.99   29.41    14.72   29.32     0.89 121,933.00
178  2026-07-22 12:00:00   GOLD 4,127.01 4,135.41 4,109.40 4,118.28   -8.72     8.40   -8.73     8.88 120,547.00
179  2026-07-22 16:00:00   GOLD 4,118.31 4,134.46 4,106.72 4,113.16   -5.12    16.15   -5.15     6.44 106,267.00
180  2026-07-22 20:00:00   GOLD 4,113.15 4,166.13 4,112.93 4,146.84   33.68    19.29   33.69     0.22 176,281.00
181  2026-07-23 00:00:00   GOLD 4,146.83 4,147.93 4,128.42 4,129.76  -17.08     1.10  -17.07     1.34 103,552.00
182  2026-07-23 04:00:00   GOLD 4,119.64 4,134.67 4,116.73 4,132.15    2.39     2.52   12.51     2.91  64,285.00
183  2026-07-23 08:00:00   GOLD 4,131.85 4,141.27 4,112.31 4,121.27  -10.88     9.42  -10.59     8.95 117,850.00
184  2026-07-23 12:00:00   GOLD 4,121.26 4,130.62 4,087.11 4,093.52  -27.75     9.36  -27.74     6.41 122,815.00
185  2026-07-23 16:00:00   GOLD 4,093.54 4,099.63 4,061.20 4,061.85  -31.67     6.09  -31.69     0.65 138,626.00
186  2026-07-23 20:00:00   GOLD 4,061.82 4,067.41 4,040.18 4,051.53  -10.32     5.60  -10.28    11.35 212,366.00
187  2026-07-24 00:00:00   GOLD 4,051.53 4,054.58 4,040.74 4,049.78   -1.75     3.05   -1.75     9.04 102,164.00
188  2026-07-24 04:00:00   GOLD 4,048.88 4,051.01 4,041.38 4,049.88    0.10     1.13    1.01     7.50  32,902.00
189  2026-07-24 08:00:00   GOLD 4,049.89 4,050.39 4,023.04 4,027.12  -22.76     0.50  -22.77     4.08  96,655.00
190  2026-07-24 12:00:00   GOLD 4,027.13 4,058.78 4,022.06 4,057.65   30.53     1.12   30.52     5.07 103,371.00
191  2026-07-24 16:00:00   GOLD 4,057.64 4,064.03 4,051.49 4,056.09   -1.56     6.38   -1.55     4.61  71,024.00
192  2026-07-24 20:00:00   GOLD 4,056.07 4,082.16 4,044.81 4,067.18   11.08    14.98   11.11    11.26 161,837.00
193  2026-07-25 00:00:00   GOLD 4,067.18 4,069.96 4,049.38 4,052.84  -14.33     2.78  -14.34     3.46  61,702.00
194  2026-07-27 04:00:00   GOLD 4,090.16 4,116.19 4,083.80 4,100.81   47.97    15.37   10.65     6.36  66,596.00
195  2026-07-27 08:00:00   GOLD 4,100.83 4,112.48 4,085.23 4,090.39  -10.42    11.65  -10.44     5.16 103,876.00
196  2026-07-27 12:00:00   GOLD 4,090.39 4,106.24 4,084.49 4,095.28    4.89    10.96    4.89     5.91  84,030.00
197  2026-07-27 16:00:00   GOLD 4,095.22 4,104.20 4,081.73 4,083.82  -11.46     8.99  -11.39     2.09  87,436.00
198  2026-07-27 20:00:00   GOLD 4,083.88 4,094.11 4,065.41 4,082.56   -1.26    10.23   -1.32    17.14 175,722.00
199  2026-07-28 00:00:00   GOLD 4,082.57 4,089.49 4,070.78 4,076.43   -6.13     6.92   -6.14     5.64  89,029.00
200  2026-07-28 04:00:00   GOLD 4,080.68 4,081.41 4,057.66 4,058.24  -18.18     0.73  -22.44     0.58  47,493.00
201  2026-07-28 08:00:00   GOLD 4,058.23 4,060.43 4,040.45 4,042.30  -15.94     2.20  -15.93     1.85 100,459.00
202  2026-07-28 12:00:00   GOLD 4,042.30 4,055.21 4,034.80 4,045.56    3.26     9.65    3.26     7.51 109,048.00
203  2026-07-28 16:00:00   GOLD 4,045.46 4,045.95 4,017.11 4,029.69  -15.87     0.49  -15.77    12.58 124,965.00
204  2026-07-28 20:00:00   GOLD 4,029.74 4,047.20 4,011.76 4,037.61    7.91     9.59    7.87    17.97 191,093.00
205  2026-07-29 00:00:00   GOLD 4,037.69 4,041.73 4,021.72 4,028.67   -8.93     4.04   -9.02     6.95 110,957.00
206  2026-07-29 04:00:00   GOLD 4,026.57 4,029.82 4,013.97 4,022.08   -6.59     3.25   -4.49     8.11  64,287.00
207  2026-07-29 08:00:00   GOLD 4,022.07 4,038.08 4,010.41 4,027.40    5.32    10.68    5.33    11.66 118,888.00
208  2026-07-29 12:00:00   GOLD 4,027.43 4,047.88 4,026.74 4,037.64   10.24    10.24   10.21     0.69  79,998.00
209  2026-07-29 16:00:00   GOLD 4,037.73 4,038.38 4,009.39 4,022.65  -14.99     0.65  -15.08    13.26  91,726.00
210  2026-07-29 20:00:00   GOLD 4,022.82 4,032.91 3,996.05 4,027.46    4.81     5.45    4.64    26.77 172,015.00
211  2026-07-30 00:00:00   GOLD 4,027.45 4,116.41 4,027.41 4,066.34   38.88    50.07   38.89     0.05 356,635.00
212  2026-07-30 04:00:00   GOLD 4,074.84 4,100.48 4,064.51 4,072.27    5.93    25.64   -2.57     7.76  95,414.00
213  2026-07-30 08:00:00   GOLD 4,072.28 4,092.95 4,044.34 4,046.05  -26.22    20.67  -26.24     1.70 142,771.00
214  2026-07-30 12:00:00   GOLD 4,046.05 4,073.01 4,028.69 4,061.49   15.44    11.52   15.44    17.36 167,994.00
215  2026-07-30 16:00:00   GOLD 4,061.49 4,086.78 4,060.30 4,069.03    7.54    17.75    7.55     1.18 162,787.00
216  2026-07-30 20:00:00   GOLD 4,069.04 4,120.49 4,065.32 4,110.78   41.75     9.72   41.74     3.72 290,062.00
217  2026-07-31 00:00:00   GOLD 4,110.75 4,117.52 4,098.51 4,103.27   -7.51     6.77   -7.48     4.77 145,928.00
218  2026-07-31 04:00:00   GOLD 4,103.36 4,112.01 4,090.59 4,094.86   -8.42     8.65   -8.50     4.27  41,767.00
219  2026-07-31 08:00:00   GOLD 4,094.84 4,101.71 4,072.14 4,080.16  -14.70     6.88  -14.68     8.01  76,005.00
220  2026-07-31 12:00:00   GOLD 4,080.17 4,087.66 4,054.18 4,060.98  -19.18     7.49  -19.19     6.80 106,919.00
221  2026-07-31 16:00:00   GOLD 4,060.89 4,064.11 4,040.57 4,040.76  -20.22     3.22  -20.13     0.19 106,795.00
222  2026-07-31 20:00:00   GOLD 4,040.75 4,052.70 4,020.97 4,043.41    2.65     9.28    2.66    19.78 215,335.00
223  2026-08-01 00:00:00   GOLD 4,043.41 4,055.66 4,041.60 4,045.16    1.75    10.50    1.76     1.81  93,140.00
224  2026-08-03 04:00:00   GOLD 4,075.05 4,079.18 4,055.88 4,057.35   12.18     4.13  -17.70     1.47  75,801.00
225  2026-08-03 08:00:00   GOLD 4,057.36 4,072.05 4,047.34 4,064.05    6.70     8.01    6.69    10.01  97,698.00
226  2026-08-03 12:00:00   GOLD 4,063.99 4,072.18 4,052.19 4,059.42   -4.62     8.20   -4.57     7.23  94,972.00
227  2026-08-03 16:00:00   GOLD 4,059.43 4,064.74 4,042.34 4,047.85  -11.57     5.31  -11.58     5.51 102,189.00
228  2026-08-03 20:00:00   GOLD 4,047.86 4,053.86 4,019.24 4,037.03  -10.82     5.99  -10.83    17.79 157,351.00
229  2026-08-04 00:00:00   GOLD 4,037.06 4,058.22 4,029.68 4,055.33   18.30     2.89   18.27     7.38  60,941.00
230  2026-08-04 04:00:00   GOLD 4,052.12 4,069.47 4,048.64 4,049.43   -5.90    17.35   -2.69     0.79  31,447.00
231  2026-08-04 08:00:00   GOLD 4,049.34 4,066.43 4,042.72 4,063.76   14.34     2.66   14.42     6.62  68,846.00
232  2026-08-04 12:00:00   GOLD 4,063.78 4,072.97 4,054.45 4,055.19   -8.57     9.18   -8.59     0.74  75,525.00
233  2026-08-04 16:00:00   GOLD 4,055.16 4,084.56 4,045.62 4,070.95   15.76    13.61   15.79     9.54 118,524.00
234  2026-08-04 20:00:00   GOLD 4,070.93 4,093.88 4,061.23 4,093.41   22.46     0.47   22.48     9.70 167,438.00
235  2026-08-05 00:00:00   GOLD 4,093.36 4,106.48 4,074.69 4,077.05  -16.36    13.12  -16.31     2.36  83,285.00
236  2026-08-05 04:00:00   GOLD 4,078.39 4,085.87 4,065.33 4,082.55    5.50     3.32    4.16    13.06  41,389.00
237  2026-08-05 08:00:00   GOLD 4,082.57 4,141.51 4,077.72 4,135.60   53.05     5.91   53.03     4.85 106,994.00
238  2026-08-05 12:00:00   GOLD 4,135.57 4,179.56 4,134.89 4,160.52   24.92    19.04   24.94     0.69 138,231.00
239  2026-08-05 16:00:00   GOLD 4,160.64 4,213.54 4,150.28 4,183.98   23.47    29.56   23.34    10.36 136,324.00
240  2026-08-05 20:00:00   GOLD 4,183.97 4,265.29 4,183.80 4,242.26   58.28    23.03   58.30     0.17 279,460.00
241  2026-08-06 00:00:00   GOLD 4,242.33 4,268.09 4,237.00 4,247.27    5.01    20.82    4.94     5.33 113,261.00
242  2026-08-06 04:00:00   GOLD 4,249.50 4,300.39 4,245.82 4,294.98   47.71     5.41   45.48     3.68  74,157.00
243  2026-08-06 08:00:00   GOLD 4,294.99 4,304.31 4,253.05 4,262.27  -32.72     9.32  -32.72     9.22 151,564.00
244  2026-08-06 12:00:00   GOLD 4,262.10 4,278.91 4,247.24 4,278.33   16.06     0.59   16.23    14.86 112,069.00
245  2026-08-06 16:00:00   GOLD 4,278.40 4,284.89 4,249.15 4,250.27  -28.06     6.48  -28.13     1.12 109,015.00
246  2026-08-06 20:00:00   GOLD 4,250.23 4,275.44 4,223.51 4,241.52   -8.75    25.20   -8.71    18.02 221,408.00
247  2026-08-07 00:00:00   GOLD 4,241.51 4,251.39 4,233.12 4,240.75   -0.77     9.88   -0.76     7.63  90,757.00
248  2026-08-07 04:00:00   GOLD 4,236.61 4,253.24 4,229.88 4,232.90   -7.85    16.64   -3.71     3.02  47,601.00
249  2026-08-07 08:00:00   GOLD 4,232.93 4,269.22 4,231.59 4,265.05   32.15     4.17   32.12     1.34 103,287.00
250  2026-08-07 12:00:00   GOLD 4,264.99 4,316.73 4,262.10 4,306.24   41.20    10.49   41.25     2.89 122,087.00
251  2026-08-07 16:00:00   GOLD 4,306.25 4,371.84 4,301.02 4,361.43   55.18    10.41   55.18     5.23 172,292.00
252  2026-08-07 20:00:00   GOLD 4,361.41 4,368.01 4,327.45 4,329.31  -32.12     6.60  -32.11     1.85 310,147.00
253  2026-08-08 00:00:00   GOLD 4,329.30 4,350.41 4,327.86 4,341.94   12.63     8.47   12.64     1.44 131,452.00
254  2026-08-10 04:00:00   GOLD 4,340.28 4,349.11 4,330.84 4,332.21   -9.73     8.83   -8.07     1.37  61,550.00
255  2026-08-10 08:00:00   GOLD 4,332.27 4,340.65 4,313.43 4,339.53    7.32     1.12    7.26    18.84 119,754.00
256  2026-08-10 12:00:00   GOLD 4,339.48 4,362.06 4,331.74 4,346.65    7.11    15.41    7.17     7.74  97,561.00
257  2026-08-10 16:00:00   GOLD 4,346.72 4,350.07 4,324.12 4,332.62  -14.02     3.35  -14.09     8.50  81,816.00
258  2026-08-10 20:00:00   GOLD 4,332.66 4,364.80 4,316.68 4,356.85   24.22     7.95   24.19    15.98 209,457.00
259  2026-08-11 00:00:00   GOLD 4,356.85 4,395.39 4,351.75 4,390.23   33.39     5.15   33.38     5.10 135,834.00
260  2026-08-11 04:00:00   GOLD 4,389.77 4,419.34 4,389.34 4,409.49   19.26     9.84   19.72     0.43  49,007.00
261  2026-08-11 08:00:00   GOLD 4,409.49 4,435.24 4,393.78 4,409.01   -0.49    25.76   -0.48    15.23 124,254.00
262  2026-08-11 12:00:00   GOLD 4,408.99 4,409.15 4,356.70 4,369.29  -39.72     0.15  -39.70    12.59 139,842.00
263  2026-08-11 16:00:00   GOLD 4,369.24 4,400.19 4,367.68 4,392.53   23.24     7.66   23.28     1.57 114,986.00
264  2026-08-11 20:00:00   GOLD 4,392.52 4,404.29 4,369.15 4,383.46   -9.07    11.77   -9.06    14.31 184,303.00
265  2026-08-12 00:00:00   GOLD 4,383.50 4,385.77 4,360.30 4,368.24  -15.22     2.27  -15.26     7.95  82,563.00
266  2026-08-12 04:00:00   GOLD 4,372.35 4,383.80 4,362.65 4,380.50   12.26     3.30    8.15     9.70  44,747.00
267  2026-08-12 08:00:00   GOLD 4,380.59 4,416.25 4,378.44 4,401.18   20.68    15.07   20.59     2.14  85,317.00
268  2026-08-12 12:00:00   GOLD 4,401.12 4,410.55 4,384.02 4,401.90    0.72     8.65    0.77    17.10  83,909.00
269  2026-08-12 16:00:00   GOLD 4,401.95 4,438.31 4,382.48 4,437.37   35.47     0.94   35.42    19.47 134,204.00
270  2026-08-12 20:00:00   GOLD 4,437.37 4,441.31 4,396.57 4,401.68  -35.69     3.94  -35.69     5.11 272,664.00
271  2026-08-13 00:00:00   GOLD 4,401.69 4,418.48 4,396.57 4,408.52    6.84     9.95    6.84     5.11  80,867.00
272  2026-08-13 04:00:00   GOLD 4,405.78 4,449.83 4,398.43 4,427.76   19.24    22.07   21.98     7.35  50,572.00
273  2026-08-13 08:00:00   GOLD 4,427.71 4,435.44 4,391.61 4,397.82  -29.94     7.73  -29.89     6.21 127,581.00
274  2026-08-13 12:00:00   GOLD 4,397.85 4,407.31 4,364.17 4,376.02  -21.80     9.46  -21.83    11.85 137,525.00
275  2026-08-13 16:00:00   GOLD 4,375.99 4,401.90 4,372.60 4,401.82   25.80     0.08   25.82     3.39 102,209.00
276  2026-08-13 20:00:00   GOLD 4,401.74 4,402.22 4,351.35 4,367.00  -34.82     0.47  -34.74    15.65 232,248.00
277  2026-08-14 00:00:00   GOLD 4,367.06 4,373.44 4,343.65 4,351.27  -15.73     6.38  -15.78     7.62  93,453.00
278  2026-08-14 04:00:00   GOLD 4,353.40 4,364.45 4,329.42 4,341.10  -10.18    11.05  -12.31    11.68  60,372.00
279  2026-08-14 08:00:00   GOLD 4,341.09 4,341.32 4,311.27 4,327.02  -14.08     0.24  -14.07    15.74 105,675.00
280  2026-08-14 12:00:00   GOLD 4,327.06 4,349.85 4,311.04 4,348.60   21.59     1.24   21.55    16.02  92,223.00
281  2026-08-14 16:00:00   GOLD 4,348.56 4,386.97 4,346.14 4,373.73   25.12    13.24   25.17     2.41  84,835.00
282  2026-08-14 20:00:00   GOLD 4,373.78 4,397.06 4,370.32 4,386.02   12.29    11.05   12.23     3.47 171,531.00
283  2026-08-15 00:00:00   GOLD 4,386.10 4,386.53 4,371.01 4,376.82   -9.20     0.43   -9.28     5.81  71,378.00
284  2026-08-17 04:00:00   GOLD 4,372.68 4,402.02 4,367.29 4,401.01   24.19     1.01   28.32     5.39  51,494.00
285  2026-08-17 08:00:00   GOLD 4,400.99 4,416.55 4,388.28 4,390.86  -10.15    15.56  -10.14     2.57  96,928.00
286  2026-08-17 12:00:00   GOLD 4,390.78 4,411.32 4,386.94 4,395.18    4.32    16.14    4.40     3.84  89,788.00
287  2026-08-17 16:00:00   GOLD 4,395.19 4,405.97 4,377.35 4,384.94  -10.24    10.78  -10.25     7.58  88,244.00
288  2026-08-17 20:00:00   GOLD 4,385.02 4,428.89 4,381.94 4,424.24   39.31     4.65   39.23     3.08 198,867.00
289  2026-08-18 00:00:00   GOLD 4,424.26 4,426.23 4,398.20 4,416.68   -7.56     1.97   -7.57    18.48  95,656.00
290  2026-08-18 04:00:00   GOLD 4,416.20 4,434.88 4,409.89 4,434.44   17.76     0.44   18.23     6.31  43,503.00
291  2026-08-18 08:00:00   GOLD 4,434.45 4,436.23 4,389.02 4,393.69  -40.75     1.77  -40.77     4.67 106,428.00
292  2026-08-18 12:00:00   GOLD 4,393.66 4,403.73 4,386.19 4,393.44   -0.25    10.07   -0.22     7.25  81,939.00
293  2026-08-18 16:00:00   GOLD 4,393.39 4,400.85 4,387.03 4,394.23    0.79     6.62    0.84     6.36  71,822.00
294  2026-08-18 20:00:00   GOLD 4,394.23 4,406.90 4,351.77 4,363.83  -30.40    12.67  -30.40    12.06 262,626.00
295  2026-08-19 00:00:00   GOLD 4,363.81 4,368.35 4,329.27 4,334.57  -29.26     4.55  -29.23     5.31 101,238.00
296  2026-08-19 04:00:00   GOLD 4,341.97 4,347.42 4,327.27 4,338.15    3.58     5.45   -3.81    10.88  65,703.00
297  2026-08-19 08:00:00   GOLD 4,338.02 4,362.16 4,324.68 4,348.56   10.40    13.61   10.54    13.34  98,140.00
298  2026-08-19 12:00:00   GOLD 4,348.53 4,363.34 4,335.18 4,355.73    7.18     7.61    7.20    13.35 108,206.00
299  2026-08-19 16:00:00   GOLD 4,355.66 4,361.14 4,353.45 4,359.05    3.31     2.09    3.39     2.21  19,765.00

==================================================
      HOÀN THÀNH PHÂN TÍCH          
==================================================
