==================================================
      VNSTOCK 4.x OPTIMIZED ANALYZER
      Danh sách: GOLD
      Khung: 1H, Số lượng: 300
==================================================

==================================================
      PHÂN TÍCH MÃ: GOLD (Gold / USD (TradingView)) 
      Khung thời gian: 1H
==================================================

--- [ LỊCH SỬ GIÁ GOLD  ] ---
                    time symbol     open     high      low    close  change  wick_up   body  wick_dn     volume
0    2026-08-21 13:00:00   GOLD 4,553.82 4,567.78 4,545.60 4,560.95    7.22     6.83   7.14     8.22  33,389.00
1    2026-08-21 14:00:00   GOLD 4,560.95 4,568.13 4,558.56 4,564.42    3.47     3.71   3.47     2.39  27,059.00
2    2026-08-21 15:00:00   GOLD 4,564.53 4,585.13 4,559.15 4,584.26   19.84     0.88  19.72     5.38  29,227.00
3    2026-08-21 16:00:00   GOLD 4,584.28 4,602.27 4,580.55 4,582.73   -1.53    17.99  -1.56     2.18  28,474.00
4    2026-08-21 17:00:00   GOLD 4,582.62 4,594.22 4,577.93 4,588.57    5.84     5.65   5.95     4.69  24,450.00
5    2026-08-21 18:00:00   GOLD 4,588.64 4,604.61 4,587.26 4,597.05    8.48     7.56   8.40     1.39  31,629.00
6    2026-08-21 19:00:00   GOLD 4,597.12 4,601.65 4,563.57 4,578.08  -18.97     4.53 -19.05    14.51  45,271.00
7    2026-08-21 20:00:00   GOLD 4,578.02 4,593.14 4,573.40 4,581.10    3.02    12.04   3.07     4.62  71,405.00
8    2026-08-21 21:00:00   GOLD 4,581.02 4,603.62 4,579.85 4,591.57   10.47    12.06  10.55     1.18  88,389.00
9    2026-08-21 22:00:00   GOLD 4,591.57 4,615.45 4,587.28 4,614.62   23.06     0.82  23.05     4.30  72,806.00
10   2026-08-21 23:00:00   GOLD 4,614.65 4,629.16 4,609.11 4,628.88   14.26     0.28  14.23     5.54  52,148.00
11   2026-08-22 00:00:00   GOLD 4,628.92 4,632.15 4,615.32 4,620.67   -8.21     3.23  -8.25     5.35  47,512.00
12   2026-08-22 01:00:00   GOLD 4,620.68 4,627.85 4,619.56 4,624.52    3.85     3.33   3.84     1.12  28,423.00
13   2026-08-22 02:00:00   GOLD 4,624.56 4,625.66 4,615.65 4,617.03   -7.49     1.10  -7.53     1.38  29,208.00
14   2026-08-22 03:00:00   GOLD 4,617.06 4,617.81 4,602.67 4,602.99  -14.04     0.75 -14.07     0.32  16,094.00
15   2026-08-24 05:00:00   GOLD 4,609.65 4,621.24 4,606.13 4,606.21    3.22    11.59  -3.44     0.08  15,331.00
16   2026-08-24 06:00:00   GOLD 4,606.26 4,624.69 4,604.75 4,624.09   17.88     0.61  17.83     1.51  17,843.00
17   2026-08-24 07:00:00   GOLD 4,624.08 4,640.94 4,594.52 4,621.90   -2.18    16.86  -2.18    27.39  62,744.00
18   2026-08-24 08:00:00   GOLD 4,621.85 4,637.74 4,608.15 4,632.24   10.34     5.50  10.39    13.70  70,157.00
19   2026-08-24 09:00:00   GOLD 4,632.23 4,657.00 4,627.73 4,643.79   11.55    13.21  11.56     4.50  49,080.00
20   2026-08-24 10:00:00   GOLD 4,643.84 4,650.25 4,633.60 4,641.84   -1.95     6.41  -2.01     8.23  33,960.00
21   2026-08-24 11:00:00   GOLD 4,641.82 4,642.82 4,632.71 4,638.93   -2.90     1.00  -2.89     6.22  28,611.00
22   2026-08-24 12:00:00   GOLD 4,638.94 4,646.67 4,630.02 4,640.94    2.01     5.73   2.00     8.92  41,437.00
23   2026-08-24 13:00:00   GOLD 4,640.91 4,660.12 4,639.47 4,649.97    9.03    10.15   9.06     1.44  46,372.00
24   2026-08-24 14:00:00   GOLD 4,650.01 4,654.81 4,630.34 4,641.61   -8.36     4.81  -8.39    11.28  49,669.00
25   2026-08-24 15:00:00   GOLD 4,641.60 4,646.69 4,628.90 4,638.19   -3.43     5.08  -3.41     9.29  36,950.00
26   2026-08-24 16:00:00   GOLD 4,638.14 4,646.10 4,632.90 4,645.93    7.74     0.16   7.80     5.24  29,245.00
27   2026-08-24 17:00:00   GOLD 4,645.90 4,650.21 4,641.97 4,643.28   -2.65     4.31  -2.61     1.31  28,058.00
28   2026-08-24 18:00:00   GOLD 4,643.26 4,670.46 4,639.16 4,657.90   14.62    12.56  14.64     4.10  47,302.00
29   2026-08-24 19:00:00   GOLD 4,657.90 4,668.82 4,645.62 4,662.83    4.93     5.99   4.93    12.27  48,398.00
30   2026-08-24 20:00:00   GOLD 4,662.81 4,681.02 4,656.24 4,664.84    2.01    16.19   2.02     6.57  88,658.00
31   2026-08-24 21:00:00   GOLD 4,664.79 4,678.73 4,655.40 4,670.35    5.52     8.37   5.56     9.39  99,385.00
32   2026-08-24 22:00:00   GOLD 4,670.38 4,679.79 4,640.14 4,649.34  -21.02     9.41 -21.04     9.20  73,567.00
33   2026-08-24 23:00:00   GOLD 4,649.42 4,662.23 4,641.85 4,645.10   -4.23    12.81  -4.32     3.26  47,162.00
34   2026-08-25 00:00:00   GOLD 4,645.10 4,655.48 4,630.03 4,636.77   -8.34    10.38  -8.33     6.73  75,104.00
35   2026-08-25 01:00:00   GOLD 4,636.78 4,642.27 4,625.23 4,636.56   -0.21     5.48  -0.23    11.33  57,359.00
36   2026-08-25 02:00:00   GOLD 4,636.52 4,656.15 4,635.95 4,651.95   15.39     4.20  15.43     0.56  51,275.00
37   2026-08-25 03:00:00   GOLD 4,651.85 4,655.26 4,647.27 4,651.24   -0.71     3.41  -0.61     3.97  14,177.00
38   2026-08-25 05:00:00   GOLD 4,655.49 4,668.52 4,655.20 4,667.73   16.49     0.79  12.24     0.29   8,172.00
39   2026-08-25 06:00:00   GOLD 4,667.70 4,682.78 4,666.86 4,679.93   12.20     2.85  12.23     0.85  18,847.00
40   2026-08-25 07:00:00   GOLD 4,679.92 4,697.10 4,675.44 4,684.65    4.72    12.46   4.73     4.48  54,005.00
41   2026-08-25 08:00:00   GOLD 4,684.61 4,687.12 4,656.77 4,658.21  -26.44     2.51 -26.40     1.44  63,444.00
42   2026-08-25 09:00:00   GOLD 4,658.20 4,661.66 4,617.28 4,629.53  -28.68     3.46 -28.67    12.25  72,787.00
43   2026-08-25 10:00:00   GOLD 4,629.52 4,641.35 4,622.43 4,633.68    4.15     7.67   4.16     7.10  40,631.00
44   2026-08-25 11:00:00   GOLD 4,633.65 4,637.81 4,623.76 4,626.03   -7.65     4.15  -7.62     2.27  25,991.00
45   2026-08-25 12:00:00   GOLD 4,626.02 4,647.97 4,624.11 4,643.07   17.05     4.90  17.05     1.91  37,251.00
46   2026-08-25 13:00:00   GOLD 4,643.09 4,653.43 4,637.08 4,638.30   -4.77    10.35  -4.78     1.22  37,334.00
47   2026-08-25 14:00:00   GOLD 4,638.31 4,643.80 4,629.86 4,630.19   -8.11     5.49  -8.12     0.32  33,461.00
48   2026-08-25 15:00:00   GOLD 4,630.19 4,645.48 4,620.09 4,630.48    0.29    15.01   0.28    10.10  39,507.00
49   2026-08-25 16:00:00   GOLD 4,630.46 4,642.59 4,624.29 4,636.40    5.92     6.19   5.94     6.17  46,067.00
50   2026-08-25 17:00:00   GOLD 4,636.45 4,642.40 4,632.82 4,639.29    2.89     3.11   2.84     3.64  25,705.00
51   2026-08-25 18:00:00   GOLD 4,639.30 4,647.33 4,636.48 4,642.40    3.11     4.93   3.11     2.82  28,935.00
52   2026-08-25 19:00:00   GOLD 4,642.60 4,644.23 4,630.25 4,640.77   -1.63     1.63  -1.83    10.52  39,383.00
53   2026-08-25 20:00:00   GOLD 4,640.76 4,641.26 4,605.29 4,616.88  -23.90     0.50 -23.89    11.59  92,082.00
54   2026-08-25 21:00:00   GOLD 4,616.88 4,640.23 4,613.23 4,635.57   18.70     4.65  18.69     3.65  71,191.00
55   2026-08-25 22:00:00   GOLD 4,635.72 4,659.48 4,629.49 4,652.77   17.20     6.71  17.05     6.23  63,128.00
56   2026-08-25 23:00:00   GOLD 4,652.97 4,653.38 4,637.15 4,643.62   -9.15     0.41  -9.35     6.47  37,243.00
57   2026-08-26 00:00:00   GOLD 4,643.62 4,648.57 4,634.31 4,648.52    4.90     0.05   4.89     9.32  40,016.00
58   2026-08-26 01:00:00   GOLD 4,648.52 4,655.09 4,644.45 4,654.60    6.08     0.49   6.07     4.07  21,942.00
59   2026-08-26 02:00:00   GOLD 4,654.64 4,668.25 4,653.40 4,667.03   12.44     1.22  12.40     1.23  36,048.00
60   2026-08-26 03:00:00   GOLD 4,667.00 4,669.11 4,657.75 4,659.06   -7.98     2.11  -7.94     1.31  16,608.00
61   2026-08-26 05:00:00   GOLD 4,661.44 4,673.77 4,660.15 4,672.67   13.61     1.10  11.23     1.29   8,227.00
62   2026-08-26 06:00:00   GOLD 4,672.60 4,673.57 4,653.31 4,654.94  -17.73     0.97 -17.66     1.63  14,867.00
63   2026-08-26 07:00:00   GOLD 4,654.95 4,657.95 4,634.51 4,637.70  -17.24     3.00 -17.25     3.20  30,657.00
64   2026-08-26 08:00:00   GOLD 4,637.72 4,661.01 4,629.61 4,656.98   19.27     4.03  19.26     8.11  48,216.00
65   2026-08-26 09:00:00   GOLD 4,656.95 4,670.83 4,654.90 4,658.42    1.44    12.41   1.47     2.05  39,682.00
66   2026-08-26 10:00:00   GOLD 4,658.41 4,658.82 4,642.76 4,642.89  -15.53     0.41 -15.53     0.12  23,624.00
67   2026-08-26 11:00:00   GOLD 4,642.88 4,644.64 4,638.99 4,640.72   -2.17     1.77  -2.16     1.73  12,630.00
68   2026-08-26 12:00:00   GOLD 4,640.77 4,649.61 4,635.70 4,639.90   -0.81     8.84  -0.86     4.20  26,403.00
69   2026-08-26 13:00:00   GOLD 4,639.88 4,641.64 4,624.71 4,634.36   -5.54     1.77  -5.51     9.65  29,513.00
70   2026-08-26 14:00:00   GOLD 4,634.38 4,639.40 4,626.68 4,629.16   -5.20     5.02  -5.22     2.48  24,661.00
71   2026-08-26 15:00:00   GOLD 4,629.08 4,630.82 4,622.36 4,628.49   -0.67     1.74  -0.59     6.13  28,242.00
72   2026-08-26 16:00:00   GOLD 4,628.60 4,631.09 4,616.41 4,623.23   -5.26     2.48  -5.38     6.81  20,717.00
73   2026-08-26 17:00:00   GOLD 4,623.22 4,624.23 4,613.23 4,620.23   -3.00     1.01  -2.99     7.00  21,978.00
74   2026-08-26 18:00:00   GOLD 4,620.24 4,625.31 4,616.51 4,624.75    4.52     0.56   4.51     3.73  19,932.00
75   2026-08-26 19:00:00   GOLD 4,624.73 4,633.32 4,610.97 4,614.47  -10.28     8.59 -10.27     3.49  50,780.00
76   2026-08-26 20:00:00   GOLD 4,614.52 4,632.02 4,598.10 4,631.69   17.23     0.33  17.17    16.42  82,632.00
77   2026-08-26 21:00:00   GOLD 4,631.72 4,633.69 4,602.98 4,603.12  -28.57     1.97 -28.60     0.15  60,319.00
78   2026-08-26 22:00:00   GOLD 4,603.15 4,609.35 4,583.06 4,596.21   -6.91     6.20  -6.94    13.15  55,900.00
79   2026-08-26 23:00:00   GOLD 4,596.24 4,601.60 4,585.61 4,591.64   -4.57     5.36  -4.60     6.03  39,465.00
80   2026-08-27 00:00:00   GOLD 4,591.69 4,602.40 4,590.84 4,597.83    6.19     4.57   6.14     0.85  25,670.00
81   2026-08-27 01:00:00   GOLD 4,597.81 4,604.73 4,592.65 4,593.88   -3.95     6.92  -3.94     1.23  25,856.00
82   2026-08-27 02:00:00   GOLD 4,593.93 4,601.73 4,591.23 4,594.45    0.58     7.28   0.52     2.70  25,576.00
83   2026-08-27 03:00:00   GOLD 4,594.39 4,596.82 4,584.19 4,594.73    0.27     2.10   0.34    10.20  16,357.00
84   2026-08-27 05:00:00   GOLD 4,603.39 4,613.41 4,601.95 4,609.46   14.73     3.95   6.07     1.44  15,189.00
85   2026-08-27 06:00:00   GOLD 4,609.50 4,625.14 4,607.01 4,623.70   14.24     1.44  14.20     2.49  13,856.00
86   2026-08-27 07:00:00   GOLD 4,623.86 4,627.05 4,600.73 4,605.20  -18.50     3.19 -18.66     4.47  28,928.00
87   2026-08-27 08:00:00   GOLD 4,605.25 4,640.91 4,602.46 4,640.02   34.82     0.89  34.77     2.79  45,958.00
88   2026-08-27 09:00:00   GOLD 4,640.03 4,643.21 4,623.68 4,629.85  -10.16     3.18 -10.18     6.18  26,988.00
89   2026-08-27 10:00:00   GOLD 4,629.78 4,638.77 4,624.48 4,625.63   -4.22     8.99  -4.15     1.15  20,222.00
90   2026-08-27 11:00:00   GOLD 4,625.68 4,627.40 4,617.28 4,618.94   -6.69     1.72  -6.74     1.66  16,351.00
91   2026-08-27 12:00:00   GOLD 4,618.98 4,621.75 4,600.94 4,607.24  -11.70     2.77 -11.74     6.30  27,434.00
92   2026-08-27 13:00:00   GOLD 4,607.23 4,612.00 4,597.91 4,600.32   -6.92     4.77  -6.91     2.40  36,194.00
93   2026-08-27 14:00:00   GOLD 4,600.27 4,605.95 4,593.70 4,600.39    0.07     5.56   0.12     6.56  30,475.00
94   2026-08-27 15:00:00   GOLD 4,600.39 4,606.96 4,594.77 4,599.10   -1.29     6.57  -1.28     4.34  23,217.00
95   2026-08-27 16:00:00   GOLD 4,599.10 4,600.90 4,577.98 4,580.51  -18.60     1.80 -18.60     2.53  31,128.00
96   2026-08-27 17:00:00   GOLD 4,580.53 4,590.59 4,569.29 4,590.14    9.64     0.44   9.61    11.24  30,797.00
97   2026-08-27 18:00:00   GOLD 4,590.12 4,600.39 4,587.32 4,598.34    8.20     2.05   8.22     2.80  26,079.00
98   2026-08-27 19:00:00   GOLD 4,598.39 4,601.23 4,580.54 4,585.93  -12.41     2.84 -12.46     5.39  32,091.00
99   2026-08-27 20:00:00   GOLD 4,585.98 4,593.48 4,564.27 4,572.52  -13.41     7.49 -13.47     8.24  79,248.00
100  2026-08-27 21:00:00   GOLD 4,572.60 4,598.19 4,568.48 4,591.39   18.88     6.80  18.80     4.11  70,112.00
101  2026-08-27 22:00:00   GOLD 4,591.32 4,611.31 4,588.94 4,610.51   19.11     0.80  19.19     2.38  53,013.00
102  2026-08-27 23:00:00   GOLD 4,610.53 4,616.69 4,602.52 4,615.00    4.49     1.69   4.47     8.01  44,224.00
103  2026-08-28 00:00:00   GOLD 4,615.12 4,616.55 4,605.21 4,606.54   -8.46     1.43  -8.58     1.33  41,928.00
104  2026-08-28 01:00:00   GOLD 4,606.65 4,611.22 4,600.97 4,610.35    3.81     0.88   3.70     5.68  38,608.00
105  2026-08-28 02:00:00   GOLD 4,610.39 4,618.02 4,604.22 4,609.51   -0.84     7.63  -0.89     5.29  35,001.00
106  2026-08-28 03:00:00   GOLD 4,609.38 4,609.78 4,600.11 4,602.15   -7.36     0.40  -7.23     2.03  10,176.00
107  2026-08-28 05:00:00   GOLD 4,601.95 4,610.78 4,601.02 4,610.70    8.56     0.07   8.76     0.93   7,617.00
108  2026-08-28 06:00:00   GOLD 4,610.69 4,611.46 4,594.34 4,594.59  -16.11     0.77 -16.10     0.26  10,651.00
109  2026-08-28 07:00:00   GOLD 4,594.54 4,602.66 4,585.85 4,588.88   -5.72     8.12  -5.66     3.03  26,779.00
110  2026-08-28 08:00:00   GOLD 4,588.92 4,602.32 4,575.51 4,575.98  -12.89    13.40 -12.94     0.48  49,840.00
111  2026-08-28 09:00:00   GOLD 4,576.02 4,589.84 4,575.06 4,586.55   10.56     3.30  10.53     0.96  24,505.00
112  2026-08-28 10:00:00   GOLD 4,586.56 4,590.22 4,578.75 4,580.01   -6.54     3.66  -6.55     1.26  18,255.00
113  2026-08-28 11:00:00   GOLD 4,580.00 4,585.52 4,578.05 4,584.47    4.46     1.06   4.47     1.95  12,518.00
114  2026-08-28 12:00:00   GOLD 4,584.49 4,586.40 4,571.66 4,573.56  -10.91     1.91 -10.94     1.90  23,335.00
115  2026-08-28 13:00:00   GOLD 4,573.57 4,613.22 4,572.62 4,612.60   39.05     0.62  39.03     0.95  35,664.00
116  2026-08-28 14:00:00   GOLD 4,612.55 4,614.38 4,596.77 4,611.84   -0.77     1.82  -0.72    15.06  35,253.00
117  2026-08-28 15:00:00   GOLD 4,611.75 4,614.59 4,601.06 4,602.88   -8.95     2.84  -8.87     1.82  26,137.00
118  2026-08-28 16:00:00   GOLD 4,602.84 4,607.43 4,600.38 4,605.20    2.32     2.22   2.36     2.46  24,815.00
119  2026-08-28 17:00:00   GOLD 4,605.29 4,609.96 4,597.64 4,600.30   -4.91     4.67  -4.99     2.65  17,290.00
120  2026-08-28 18:00:00   GOLD 4,600.31 4,601.45 4,591.44 4,593.56   -6.73     1.14  -6.75     2.12  22,625.00
121  2026-08-28 19:00:00   GOLD 4,593.59 4,603.77 4,589.13 4,601.74    8.18     2.03   8.15     4.45  42,223.00
122  2026-08-28 20:00:00   GOLD 4,601.82 4,627.40 4,593.85 4,604.60    2.86    22.80   2.78     7.97  69,471.00
123  2026-08-28 21:00:00   GOLD 4,603.80 4,631.98 4,530.02 4,576.77  -27.84    28.18 -27.03    46.74 173,929.00
124  2026-08-28 22:00:00   GOLD 4,576.76 4,582.90 4,524.12 4,524.61  -52.16     6.14 -52.15     0.48 124,708.00
125  2026-08-28 23:00:00   GOLD 4,524.60 4,529.62 4,464.41 4,479.55  -45.06     5.03 -45.05    15.13 138,499.00
126  2026-08-29 00:00:00   GOLD 4,479.53 4,486.84 4,460.63 4,469.43  -10.11     7.31 -10.10     8.80  81,363.00
127  2026-08-29 01:00:00   GOLD 4,469.44 4,471.70 4,445.45 4,456.95  -12.48     2.26 -12.49    11.49  70,138.00
128  2026-08-29 02:00:00   GOLD 4,456.98 4,467.19 4,453.03 4,458.55    1.60     8.64   1.56     3.95  47,529.00
129  2026-08-29 03:00:00   GOLD 4,458.53 4,462.76 4,453.14 4,454.99   -3.56     4.22  -3.55     1.85  16,158.00
130  2026-08-31 05:00:00   GOLD 4,445.72 4,466.18 4,445.55 4,461.43    6.44     4.75  15.71     0.18  15,014.00
131  2026-08-31 06:00:00   GOLD 4,461.43 4,466.95 4,435.82 4,458.49   -2.94     5.52  -2.93    22.67  25,788.00
132  2026-08-31 07:00:00   GOLD 4,458.51 4,472.16 4,452.43 4,456.31   -2.19    13.65  -2.20     3.88  37,624.00
133  2026-08-31 08:00:00   GOLD 4,456.31 4,463.30 4,435.96 4,440.26  -16.05     6.98 -16.05     4.30  72,735.00
134  2026-08-31 09:00:00   GOLD 4,440.27 4,441.51 4,396.52 4,422.98  -17.28     1.24 -17.28    26.46  58,118.00
135  2026-08-31 10:00:00   GOLD 4,422.91 4,434.05 4,419.95 4,422.69   -0.29    11.14  -0.22     2.74  24,887.00
136  2026-08-31 11:00:00   GOLD 4,422.82 4,425.06 4,413.00 4,424.64    1.94     0.43   1.82     9.82  18,041.00
137  2026-08-31 12:00:00   GOLD 4,424.61 4,443.98 4,419.37 4,443.07   18.43     0.91  18.45     5.24  32,070.00
138  2026-08-31 13:00:00   GOLD 4,443.02 4,443.27 4,429.35 4,439.47   -3.60     0.25  -3.55    10.12  30,959.00
139  2026-08-31 14:00:00   GOLD 4,439.44 4,448.32 4,435.23 4,443.25    3.78     5.07   3.81     4.21  24,495.00
140  2026-08-31 15:00:00   GOLD 4,443.27 4,449.53 4,433.81 4,435.65   -7.60     6.26  -7.63     1.83  25,815.00
141  2026-08-31 16:00:00   GOLD 4,435.69 4,445.54 4,435.60 4,445.38    9.73     0.16   9.69     0.09  17,125.00
142  2026-08-31 17:00:00   GOLD 4,445.41 4,455.61 4,444.88 4,453.93    8.55     1.68   8.52     0.53  24,167.00
143  2026-08-31 18:00:00   GOLD 4,453.91 4,464.23 4,452.65 4,455.46    1.53     8.77   1.55     1.26  24,689.00
144  2026-08-31 19:00:00   GOLD 4,455.43 4,460.94 4,435.44 4,435.80  -19.66     5.51 -19.62     0.36  36,011.00
145  2026-08-31 20:00:00   GOLD 4,435.81 4,448.26 4,415.75 4,418.70  -17.10    12.44 -17.11     2.95  63,248.00
146  2026-08-31 21:00:00   GOLD 4,418.69 4,436.96 4,416.27 4,431.81   13.11     5.15  13.12     2.42  80,479.00
147  2026-08-31 22:00:00   GOLD 4,431.80 4,438.01 4,424.73 4,426.44   -5.38     6.21  -5.36     1.70  55,796.00
148  2026-08-31 23:00:00   GOLD 4,426.48 4,440.40 4,423.94 4,433.36    6.93     7.03   6.89     2.54  38,101.00
149  2026-09-01 00:00:00   GOLD 4,433.36 4,440.15 4,428.85 4,436.64    3.28     3.51   3.28     4.51  26,576.00
150  2026-09-01 01:00:00   GOLD 4,436.65 4,436.88 4,426.30 4,431.06   -5.58     0.23  -5.58     4.76  25,730.00
151  2026-09-01 02:00:00   GOLD 4,431.06 4,453.76 4,429.20 4,453.41   22.35     0.35  22.35     1.86  32,690.00
152  2026-09-01 03:00:00   GOLD 4,453.46 4,455.93 4,446.62 4,449.24   -4.18     2.47  -4.22     2.62  14,816.00
153  2026-09-01 05:00:00   GOLD 4,454.26 4,455.88 4,445.65 4,447.12   -2.11     1.62  -7.13     1.48   6,547.00
154  2026-09-01 06:00:00   GOLD 4,447.16 4,452.55 4,441.85 4,452.35    5.23     0.19   5.19     5.31   8,653.00
155  2026-09-01 07:00:00   GOLD 4,452.40 4,461.70 4,446.48 4,453.74    1.39     7.95   1.35     5.92  32,950.00
156  2026-09-01 08:00:00   GOLD 4,453.81 4,457.02 4,436.51 4,444.51   -9.23     3.20  -9.30     8.01  45,450.00
157  2026-09-01 09:00:00   GOLD 4,444.48 4,449.40 4,427.69 4,443.05   -1.46     4.91  -1.43    15.36  33,082.00
158  2026-09-01 10:00:00   GOLD 4,443.04 4,444.18 4,431.92 4,436.79   -6.26     1.14  -6.25     4.87  17,685.00
159  2026-09-01 11:00:00   GOLD 4,436.80 4,437.81 4,425.56 4,426.81   -9.98     1.02  -9.98     1.26  14,663.00
160  2026-09-01 12:00:00   GOLD 4,426.82 4,446.10 4,423.70 4,440.28   13.47     5.82  13.46     3.11  28,653.00
161  2026-09-01 13:00:00   GOLD 4,440.13 4,440.63 4,427.80 4,429.76  -10.52     0.50 -10.37     1.96  24,372.00
162  2026-09-01 14:00:00   GOLD 4,429.76 4,435.10 4,412.20 4,420.19   -9.57     5.34  -9.57     7.98  41,056.00
163  2026-09-01 15:00:00   GOLD 4,420.15 4,420.15 4,369.36 4,370.90  -49.28     0.00 -49.24     1.54  79,900.00
164  2026-09-01 16:00:00   GOLD 4,370.84 4,378.26 4,364.55 4,364.80   -6.11     7.42  -6.05     0.25  50,959.00
165  2026-09-01 17:00:00   GOLD 4,364.78 4,386.10 4,364.41 4,378.26   13.46     7.85  13.47     0.38  29,716.00
166  2026-09-01 18:00:00   GOLD 4,378.22 4,387.39 4,371.97 4,374.64   -3.61     9.17  -3.57     2.67  32,706.00
167  2026-09-01 19:00:00   GOLD 4,374.52 4,376.27 4,352.02 4,356.29  -18.35     1.74 -18.23     4.27  56,614.00
168  2026-09-01 20:00:00   GOLD 4,356.30 4,367.57 4,326.27 4,365.28    8.99     2.30   8.98    30.03  95,860.00
169  2026-09-01 21:00:00   GOLD 4,365.49 4,375.69 4,353.31 4,360.44   -4.84    10.20  -5.05     7.13  82,437.00
170  2026-09-01 22:00:00   GOLD 4,360.51 4,373.95 4,355.23 4,372.95   12.52     1.00  12.45     5.28  51,396.00
171  2026-09-01 23:00:00   GOLD 4,372.99 4,374.79 4,347.09 4,351.42  -21.53     1.80 -21.57     4.33  63,227.00
172  2026-09-02 00:00:00   GOLD 4,351.47 4,352.05 4,341.09 4,343.02   -8.40     0.58  -8.45     1.93  49,417.00
173  2026-09-02 01:00:00   GOLD 4,343.06 4,344.62 4,328.31 4,331.85  -11.17     1.56 -11.21     3.55  40,813.00
174  2026-09-02 02:00:00   GOLD 4,331.81 4,337.78 4,322.74 4,327.12   -4.73     5.97  -4.69     4.38  41,430.00
175  2026-09-02 03:00:00   GOLD 4,327.15 4,330.88 4,323.74 4,328.40    1.28     2.47   1.26     3.41  12,186.00
176  2026-09-02 05:00:00   GOLD 4,331.39 4,331.59 4,326.39 4,329.32    0.91     0.20  -2.07     2.93   5,419.00
177  2026-09-02 06:00:00   GOLD 4,329.28 4,335.90 4,322.94 4,324.47   -4.85     6.62  -4.81     1.52  10,459.00
178  2026-09-02 07:00:00   GOLD 4,324.45 4,334.59 4,314.63 4,315.90   -8.56    10.14  -8.55     1.27  44,756.00
179  2026-09-02 08:00:00   GOLD 4,315.81 4,326.81 4,288.44 4,291.11  -24.80    11.00 -24.70     2.67  66,469.00
180  2026-09-02 09:00:00   GOLD 4,291.12 4,314.85 4,287.27 4,303.06   11.95    11.80  11.94     3.85  39,477.00
181  2026-09-02 10:00:00   GOLD 4,302.95 4,304.45 4,282.62 4,303.45    0.39     1.01   0.50    20.32  30,062.00
182  2026-09-02 11:00:00   GOLD 4,303.44 4,308.06 4,301.32 4,307.47    4.02     0.60   4.03     2.12  16,336.00
183  2026-09-02 12:00:00   GOLD 4,307.41 4,326.65 4,303.72 4,320.12   12.65     6.53  12.70     3.69  27,964.00
184  2026-09-02 13:00:00   GOLD 4,320.16 4,329.32 4,314.52 4,321.88    1.76     7.45   1.72     5.64  40,639.00
185  2026-09-02 14:00:00   GOLD 4,321.84 4,331.40 4,319.28 4,323.17    1.30     8.23   1.33     2.56  40,490.00
186  2026-09-02 15:00:00   GOLD 4,323.20 4,331.65 4,312.69 4,313.07  -10.10     8.45 -10.13     0.38  41,380.00
187  2026-09-02 16:00:00   GOLD 4,313.05 4,322.54 4,304.87 4,308.65   -4.42     9.49  -4.40     3.78  31,467.00
188  2026-09-02 17:00:00   GOLD 4,308.68 4,312.35 4,301.74 4,309.40    0.75     2.96   0.72     6.94  23,101.00
189  2026-09-02 18:00:00   GOLD 4,309.35 4,333.10 4,307.70 4,332.49   23.10     0.61  23.14     1.65  44,579.00
190  2026-09-02 19:00:00   GOLD 4,332.50 4,344.39 4,327.49 4,331.52   -0.97    11.89  -0.98     4.03  57,415.00
191  2026-09-02 20:00:00   GOLD 4,331.61 4,385.52 4,330.85 4,385.12   53.60     0.40  53.51     0.76  80,930.00
192  2026-09-02 21:00:00   GOLD 4,385.10 4,397.75 4,374.41 4,377.04   -8.08    12.65  -8.06     2.63  86,416.00
193  2026-09-02 22:00:00   GOLD 4,377.06 4,381.05 4,364.64 4,373.19   -3.85     3.98  -3.87     8.55  61,279.00
194  2026-09-02 23:00:00   GOLD 4,373.18 4,374.91 4,364.52 4,368.40   -4.80     1.73  -4.78     3.88  34,777.00
195  2026-09-03 00:00:00   GOLD 4,368.40 4,380.85 4,364.73 4,377.08    8.68     3.77   8.68     3.67  31,280.00
196  2026-09-03 01:00:00   GOLD 4,377.07 4,379.85 4,369.32 4,374.27   -2.81     2.78  -2.81     4.95  31,474.00
197  2026-09-03 02:00:00   GOLD 4,374.24 4,391.36 4,371.83 4,391.20   16.94     0.16  16.97     2.41  32,690.00
198  2026-09-03 03:00:00   GOLD 4,391.23 4,391.67 4,384.06 4,388.22   -2.98     0.44  -3.01     4.16  14,590.00
199  2026-09-03 05:00:00   GOLD 4,391.29 4,391.84 4,383.53 4,384.75   -3.47     0.55  -6.54     1.22   8,136.00
200  2026-09-03 06:00:00   GOLD 4,384.76 4,388.94 4,381.25 4,385.73    0.98     3.21   0.97     3.51  11,607.00
201  2026-09-03 07:00:00   GOLD 4,385.73 4,397.98 4,382.51 4,395.59    9.86     2.40   9.85     3.23  24,764.00
202  2026-09-03 08:00:00   GOLD 4,395.65 4,412.62 4,387.36 4,410.56   14.98     2.06  14.92     8.28  47,258.00
203  2026-09-03 09:00:00   GOLD 4,410.53 4,420.56 4,406.80 4,420.43    9.86     0.14   9.90     3.73  33,926.00
204  2026-09-03 10:00:00   GOLD 4,420.41 4,432.69 4,419.40 4,431.48   11.06     1.20  11.07     1.02  21,856.00
205  2026-09-03 11:00:00   GOLD 4,431.45 4,438.73 4,425.66 4,437.40    5.92     1.32   5.95     5.79  13,873.00
206  2026-09-03 12:00:00   GOLD 4,437.40 4,440.35 4,422.59 4,431.15   -6.25     2.95  -6.24     8.57  33,437.00
207  2026-09-03 13:00:00   GOLD 4,431.19 4,436.38 4,417.57 4,420.59  -10.56     5.19 -10.60     3.02  37,433.00
208  2026-09-03 14:00:00   GOLD 4,420.61 4,431.64 4,419.16 4,428.91    8.32     2.73   8.30     1.44  37,955.00
209  2026-09-03 15:00:00   GOLD 4,428.86 4,443.72 4,428.14 4,434.97    6.06     8.74   6.11     0.72  48,446.00
210  2026-09-03 16:00:00   GOLD 4,435.02 4,442.04 4,425.60 4,427.62   -7.35     7.02  -7.40     2.02  32,706.00
211  2026-09-03 17:00:00   GOLD 4,427.66 4,429.97 4,419.09 4,427.35   -0.27     2.31  -0.31     8.26  27,573.00
212  2026-09-03 18:00:00   GOLD 4,427.38 4,445.74 4,425.12 4,444.28   16.93     1.47  16.90     2.26  30,182.00
213  2026-09-03 19:00:00   GOLD 4,444.25 4,495.23 4,437.85 4,493.53   49.26     1.69  49.28     6.40  65,930.00
214  2026-09-03 20:00:00   GOLD 4,493.59 4,496.01 4,456.93 4,470.78  -22.75     2.43 -22.80    13.86  89,867.00
215  2026-09-03 21:00:00   GOLD 4,470.78 4,485.43 4,458.39 4,485.36   14.58     0.06  14.59    12.39  89,302.00
216  2026-09-03 22:00:00   GOLD 4,485.37 4,510.93 4,484.28 4,493.35    7.98    17.59   7.98     1.09  66,402.00
217  2026-09-03 23:00:00   GOLD 4,493.34 4,495.57 4,485.53 4,486.28   -7.07     2.23  -7.06     0.75  35,900.00
218  2026-09-04 00:00:00   GOLD 4,486.36 4,494.74 4,483.35 4,486.69    0.41     8.05   0.34     3.01  28,518.00
219  2026-09-04 01:00:00   GOLD 4,486.70 4,489.84 4,474.02 4,475.19  -11.51     3.13 -11.52     1.17  33,683.00
220  2026-09-04 02:00:00   GOLD 4,475.18 4,480.81 4,472.65 4,475.29    0.10     5.52   0.11     2.53  32,201.00
221  2026-09-04 03:00:00   GOLD 4,475.23 4,475.74 4,470.55 4,472.97   -2.32     0.51  -2.27     2.41   9,910.00
222  2026-09-04 05:00:00   GOLD 4,476.07 4,478.99 4,471.52 4,474.65    1.68     2.91  -1.43     3.13   9,541.00
223  2026-09-04 06:00:00   GOLD 4,474.55 4,480.40 4,471.79 4,480.16    5.51     0.24   5.61     2.76   9,311.00
224  2026-09-04 07:00:00   GOLD 4,480.06 4,487.48 4,472.91 4,486.40    6.24     1.08   6.34     7.15  22,384.00
225  2026-09-04 08:00:00   GOLD 4,486.51 4,487.55 4,467.12 4,478.93   -7.47     1.03  -7.59    11.80  39,650.00
226  2026-09-04 09:00:00   GOLD 4,479.07 4,482.60 4,470.43 4,477.47   -1.45     3.53  -1.60     7.04  19,438.00
227  2026-09-04 10:00:00   GOLD 4,477.49 4,478.73 4,467.19 4,467.19  -10.28     1.23 -10.31     0.00  12,223.00
228  2026-09-04 11:00:00   GOLD 4,467.15 4,475.12 4,465.49 4,473.82    6.64     1.30   6.68     1.66   9,383.00
229  2026-09-04 12:00:00   GOLD 4,473.78 4,477.69 4,466.91 4,472.20   -1.62     3.91  -1.58     5.30  18,284.00
230  2026-09-04 13:00:00   GOLD 4,472.21 4,473.50 4,460.15 4,462.94   -9.27     1.29  -9.27     2.78  26,410.00
231  2026-09-04 14:00:00   GOLD 4,462.91 4,490.90 4,461.51 4,483.43   20.49     7.47  20.51     1.40  32,418.00
232  2026-09-04 15:00:00   GOLD 4,483.43 4,486.54 4,474.49 4,477.97   -5.45     3.11  -5.46     3.48  24,877.00
233  2026-09-04 16:00:00   GOLD 4,477.95 4,479.31 4,464.00 4,465.69  -12.28     1.36 -12.26     1.69  26,221.00
234  2026-09-04 17:00:00   GOLD 4,465.66 4,476.45 4,465.53 4,472.95    7.27     3.49   7.29     0.14  16,471.00
235  2026-09-04 18:00:00   GOLD 4,473.03 4,473.52 4,465.15 4,467.15   -5.81     0.48  -5.89     2.00  17,847.00
236  2026-09-04 19:00:00   GOLD 4,467.17 4,476.66 4,376.18 4,393.77  -73.38     9.49 -73.40    17.59  98,790.00
237  2026-09-04 20:00:00   GOLD 4,393.73 4,434.93 4,365.57 4,413.28   19.51    21.65  19.55    28.16 115,874.00
238  2026-09-04 21:00:00   GOLD 4,413.27 4,442.26 4,412.06 4,427.60   14.32    14.66  14.33     1.21  85,647.00
239  2026-09-04 22:00:00   GOLD 4,427.67 4,449.00 4,422.82 4,436.65    9.05    12.35   8.98     4.85  51,031.00
240  2026-09-04 23:00:00   GOLD 4,436.60 4,443.61 4,432.31 4,436.37   -0.28     7.01  -0.23     4.06  33,851.00
241  2026-09-05 00:00:00   GOLD 4,436.34 4,440.55 4,415.65 4,416.58  -19.79     4.22 -19.76     0.93  37,207.00
242  2026-09-05 01:00:00   GOLD 4,416.61 4,426.75 4,411.97 4,424.03    7.45     2.72   7.42     4.64  27,079.00
243  2026-09-05 02:00:00   GOLD 4,424.06 4,438.56 4,422.61 4,434.93   10.89     3.64  10.86     1.45  22,331.00
244  2026-09-05 03:00:00   GOLD 4,434.91 4,435.24 4,428.69 4,429.82   -5.10     0.33  -5.09     1.14   8,824.00
245  2026-09-07 05:00:00   GOLD 4,422.49 4,435.26 4,422.16 4,429.39   -0.43     5.86   6.90     0.33   5,599.00
246  2026-09-07 06:00:00   GOLD 4,429.38 4,434.06 4,421.16 4,423.44   -5.95     4.68  -5.94     2.27   9,876.00
247  2026-09-07 07:00:00   GOLD 4,423.53 4,429.60 4,410.10 4,412.78  -10.66     6.07 -10.76     2.68  19,794.00
248  2026-09-07 08:00:00   GOLD 4,412.75 4,416.87 4,389.59 4,409.22   -3.56     4.12  -3.53    19.63  48,327.00
249  2026-09-07 09:00:00   GOLD 4,409.23 4,419.02 4,403.09 4,408.91   -0.31     9.79  -0.32     5.82  26,179.00
250  2026-09-07 10:00:00   GOLD 4,408.99 4,410.70 4,401.26 4,404.28   -4.62     1.71  -4.71     3.02  17,061.00
251  2026-09-07 11:00:00   GOLD 4,404.27 4,407.45 4,394.58 4,398.15   -6.14     3.18  -6.12     3.57  11,049.00
252  2026-09-07 12:00:00   GOLD 4,398.16 4,413.31 4,393.25 4,394.23   -3.92    15.15  -3.94     0.98  18,474.00
253  2026-09-07 13:00:00   GOLD 4,394.26 4,399.86 4,385.33 4,392.91   -1.32     5.61  -1.35     7.58  26,649.00
254  2026-09-07 14:00:00   GOLD 4,392.94 4,406.83 4,391.85 4,406.45   13.54     0.38  13.51     1.09  27,689.00
255  2026-09-07 15:00:00   GOLD 4,406.35 4,423.89 4,405.27 4,411.01    4.56    12.88   4.65     1.08  23,430.00
256  2026-09-07 16:00:00   GOLD 4,411.06 4,413.89 4,403.69 4,405.74   -5.26     2.83  -5.31     2.05  14,229.00
257  2026-09-07 17:00:00   GOLD 4,405.65 4,406.35 4,388.11 4,391.69  -14.05     0.71 -13.95     3.59  15,568.00
258  2026-09-07 18:00:00   GOLD 4,391.68 4,394.98 4,381.24 4,385.33   -6.36     3.30  -6.35     4.09  23,752.00
259  2026-09-07 19:00:00   GOLD 4,385.34 4,398.17 4,385.34 4,396.85   11.52     1.32  11.51     0.00  12,402.00
260  2026-09-07 20:00:00   GOLD 4,396.74 4,407.85 4,395.47 4,402.43    5.59     5.42   5.69     1.27  19,412.00
261  2026-09-07 21:00:00   GOLD 4,402.44 4,419.65 4,401.16 4,416.03   13.60     3.62  13.59     1.28  25,125.00
262  2026-09-07 22:00:00   GOLD 4,416.05 4,416.70 4,408.90 4,414.53   -1.51     0.66  -1.52     5.62  18,725.00
263  2026-09-07 23:00:00   GOLD 4,414.52 4,417.40 4,411.97 4,414.57    0.05     2.82   0.06     2.55   6,093.00
264  2026-09-08 00:00:00   GOLD 4,414.57 4,415.19 4,407.12 4,407.18   -7.40     0.62  -7.39     0.05   5,629.00
265  2026-09-08 01:00:00   GOLD 4,407.18 4,409.19 4,403.13 4,406.06   -1.11     2.01  -1.12     2.93   3,986.00
266  2026-09-08 05:00:00   GOLD 4,412.87 4,413.60 4,406.30 4,407.65    1.58     0.73  -5.22     1.35   4,981.00
267  2026-09-08 06:00:00   GOLD 4,407.27 4,428.17 4,407.24 4,423.09   15.44     5.09  15.82     0.02  16,204.00
268  2026-09-08 07:00:00   GOLD 4,423.15 4,430.32 4,415.22 4,426.26    3.17     4.07   3.11     7.93  39,128.00
269  2026-09-08 08:00:00   GOLD 4,426.24 4,440.81 4,417.19 4,437.24   10.99     3.57  11.01     9.05  44,715.00
270  2026-09-08 09:00:00   GOLD 4,437.33 4,438.78 4,421.30 4,424.41  -12.84     1.45 -12.92     3.11  23,398.00
271  2026-09-08 10:00:00   GOLD 4,424.40 4,440.23 4,422.75 4,437.88   13.47     2.36  13.47     1.65  19,862.00
272  2026-09-08 11:00:00   GOLD 4,437.97 4,442.98 4,431.69 4,436.00   -1.88     5.01  -1.97     4.31  12,115.00
273  2026-09-08 12:00:00   GOLD 4,435.98 4,437.77 4,417.60 4,419.68  -16.32     1.79 -16.31     2.08  23,992.00
274  2026-09-08 13:00:00   GOLD 4,419.60 4,420.36 4,398.32 4,403.71  -15.97     0.77 -15.89     5.39  45,898.00
275  2026-09-08 14:00:00   GOLD 4,403.70 4,409.47 4,390.19 4,392.58  -11.13     5.76 -11.12     2.39  31,134.00
276  2026-09-08 15:00:00   GOLD 4,392.57 4,398.67 4,388.01 4,394.19    1.61     4.48   1.61     4.56  41,530.00
277  2026-09-08 16:00:00   GOLD 4,394.19 4,405.73 4,390.90 4,403.04    8.85     2.69   8.85     3.29  24,573.00
278  2026-09-08 17:00:00   GOLD 4,403.03 4,407.02 4,393.69 4,395.30   -7.74     3.98  -7.73     1.61  20,817.00
279  2026-09-08 18:00:00   GOLD 4,395.30 4,408.01 4,391.16 4,406.48   11.18     1.52  11.19     4.13  23,456.00
280  2026-09-08 19:00:00   GOLD 4,406.43 4,411.90 4,385.48 4,411.73    5.24     0.17   5.30    20.95  45,598.00
281  2026-09-08 20:00:00   GOLD 4,411.73 4,413.23 4,390.49 4,395.65  -16.07     1.50 -16.08     5.16  53,730.00
282  2026-09-08 21:00:00   GOLD 4,395.64 4,403.72 4,389.30 4,398.85    3.19     4.87   3.21     6.34  65,385.00
283  2026-09-08 22:00:00   GOLD 4,398.85 4,409.31 4,394.74 4,394.77   -4.08    10.46  -4.09     0.03  29,308.00
284  2026-09-08 23:00:00   GOLD 4,394.77 4,398.56 4,380.65 4,393.72   -1.05     3.79  -1.05    13.07  38,342.00
285  2026-09-09 00:00:00   GOLD 4,393.76 4,403.73 4,385.41 4,390.15   -3.57     9.97  -3.61     4.74  30,602.00
286  2026-09-09 01:00:00   GOLD 4,390.15 4,390.48 4,358.34 4,375.74  -14.41     0.34 -14.41    17.40  51,507.00
287  2026-09-09 02:00:00   GOLD 4,375.69 4,377.46 4,356.80 4,359.51  -16.23     1.77 -16.19     2.70  36,930.00
288  2026-09-09 03:00:00   GOLD 4,359.48 4,364.47 4,345.06 4,355.70   -3.80     4.98  -3.78    10.64  12,932.00
289  2026-09-09 05:00:00   GOLD 4,357.66 4,357.92 4,350.74 4,354.34   -1.37     0.26  -3.32     3.60   8,816.00
290  2026-09-09 06:00:00   GOLD 4,354.32 4,360.03 4,349.28 4,350.10   -4.23     5.72  -4.22     0.82  11,257.00
291  2026-09-09 07:00:00   GOLD 4,350.15 4,365.59 4,341.26 4,364.77   14.67     0.82  14.62     8.89  33,475.00
292  2026-09-09 08:00:00   GOLD 4,364.80 4,378.34 4,354.22 4,373.82    9.05     4.52   9.02    10.57  35,290.00
293  2026-09-09 09:00:00   GOLD 4,373.92 4,384.58 4,367.35 4,382.38    8.56     2.20   8.45     6.57  25,060.00
294  2026-09-09 10:00:00   GOLD 4,382.30 4,382.93 4,375.24 4,375.26   -7.11     0.63  -7.03     0.02  15,685.00
295  2026-09-09 11:00:00   GOLD 4,375.24 4,382.61 4,370.78 4,381.64    6.38     0.97   6.40     4.47  13,961.00
296  2026-09-09 12:00:00   GOLD 4,381.73 4,401.08 4,380.38 4,398.84   17.20     2.24  17.11     1.35  20,174.00
297  2026-09-09 13:00:00   GOLD 4,398.89 4,406.19 4,395.36 4,400.66    1.82     5.53   1.77     3.53  20,647.00
298  2026-09-09 14:00:00   GOLD 4,400.66 4,413.01 4,399.38 4,409.28    8.62     3.73   8.61     1.28  25,807.00
299  2026-09-09 15:00:00   GOLD 4,409.32 4,411.98 4,399.51 4,402.13   -7.15     2.66  -7.19     2.62  17,079.00

==================================================
      HOÀN THÀNH PHÂN TÍCH          
==================================================
