==================================================
      VNSTOCK & GLOBAL MARKET ANALYZER
      Danh sách: GOLD
      Khung: 1H, Số lượng: 500
==================================================

==================================================
      PHÂN TÍCH MÃ: GOLD (Gold / USD (TradingView))
      Khung thời gian: 1H
==================================================

--- [ LỊCH SỬ GIÁ GOLD  ] ---
               time symbol     open     high      low    close  change  wick_up   body  wick_dn     volume
2026-08-25 13:00:00   GOLD 4,643.09 4,653.43 4,637.08 4,638.30   -4.77    10.35  -4.78     1.22  37,334.00
2026-08-25 14:00:00   GOLD 4,638.31 4,643.80 4,629.86 4,630.19   -8.11     5.49  -8.12     0.32  33,461.00
2026-08-25 15:00:00   GOLD 4,630.19 4,645.48 4,620.09 4,630.48    0.29    15.01   0.28    10.10  39,507.00
2026-08-25 16:00:00   GOLD 4,630.46 4,642.59 4,624.29 4,636.40    5.92     6.19   5.94     6.17  46,067.00
2026-08-25 17:00:00   GOLD 4,636.45 4,642.40 4,632.82 4,639.29    2.89     3.11   2.84     3.64  25,705.00
2026-08-25 18:00:00   GOLD 4,639.30 4,647.33 4,636.48 4,642.40    3.11     4.93   3.11     2.82  28,935.00
2026-08-25 19:00:00   GOLD 4,642.60 4,644.23 4,630.25 4,640.77   -1.63     1.63  -1.83    10.52  39,383.00
2026-08-25 20:00:00   GOLD 4,640.76 4,641.26 4,605.29 4,616.88  -23.90     0.50 -23.89    11.59  92,082.00
2026-08-25 21:00:00   GOLD 4,616.88 4,640.23 4,613.23 4,635.57   18.70     4.65  18.69     3.65  71,191.00
2026-08-25 22:00:00   GOLD 4,635.72 4,659.48 4,629.49 4,652.77   17.20     6.71  17.05     6.23  63,128.00
2026-08-25 23:00:00   GOLD 4,652.97 4,653.38 4,637.15 4,643.62   -9.15     0.41  -9.35     6.47  37,243.00
2026-08-26 00:00:00   GOLD 4,643.62 4,648.57 4,634.31 4,648.52    4.90     0.05   4.89     9.32  40,016.00
2026-08-26 01:00:00   GOLD 4,648.52 4,655.09 4,644.45 4,654.60    6.08     0.49   6.07     4.07  21,942.00
2026-08-26 02:00:00   GOLD 4,654.64 4,668.25 4,653.40 4,667.03   12.44     1.22  12.40     1.23  36,048.00
2026-08-26 03:00:00   GOLD 4,667.00 4,669.11 4,657.75 4,659.06   -7.98     2.11  -7.94     1.31  16,608.00
2026-08-26 05:00:00   GOLD 4,661.44 4,673.77 4,660.15 4,672.67   13.61     1.10  11.23     1.29   8,227.00
2026-08-26 06:00:00   GOLD 4,672.60 4,673.57 4,653.31 4,654.94  -17.73     0.97 -17.66     1.63  14,867.00
2026-08-26 07:00:00   GOLD 4,654.95 4,657.95 4,634.51 4,637.70  -17.24     3.00 -17.25     3.20  30,657.00
2026-08-26 08:00:00   GOLD 4,637.72 4,661.01 4,629.61 4,656.98   19.27     4.03  19.26     8.11  48,216.00
2026-08-26 09:00:00   GOLD 4,656.95 4,670.83 4,654.90 4,658.42    1.44    12.41   1.47     2.05  39,682.00
2026-08-26 10:00:00   GOLD 4,658.41 4,658.82 4,642.76 4,642.89  -15.53     0.41 -15.53     0.12  23,624.00
2026-08-26 11:00:00   GOLD 4,642.88 4,644.64 4,638.99 4,640.72   -2.17     1.77  -2.16     1.73  12,630.00
2026-08-26 12:00:00   GOLD 4,640.77 4,649.61 4,635.70 4,639.90   -0.81     8.84  -0.86     4.20  26,403.00
2026-08-26 13:00:00   GOLD 4,639.88 4,641.64 4,624.71 4,634.36   -5.54     1.77  -5.51     9.65  29,513.00
2026-08-26 14:00:00   GOLD 4,634.38 4,639.40 4,626.68 4,629.16   -5.20     5.02  -5.22     2.48  24,661.00
2026-08-26 15:00:00   GOLD 4,629.08 4,630.82 4,622.36 4,628.49   -0.67     1.74  -0.59     6.13  28,242.00
2026-08-26 16:00:00   GOLD 4,628.60 4,631.09 4,616.41 4,623.23   -5.26     2.48  -5.38     6.81  20,717.00
2026-08-26 17:00:00   GOLD 4,623.22 4,624.23 4,613.23 4,620.23   -3.00     1.01  -2.99     7.00  21,978.00
2026-08-26 18:00:00   GOLD 4,620.24 4,625.31 4,616.51 4,624.75    4.52     0.56   4.51     3.73  19,932.00
2026-08-26 19:00:00   GOLD 4,624.73 4,633.32 4,610.97 4,614.47  -10.28     8.59 -10.27     3.49  50,780.00
2026-08-26 20:00:00   GOLD 4,614.52 4,632.02 4,598.10 4,631.69   17.23     0.33  17.17    16.42  82,632.00
2026-08-26 21:00:00   GOLD 4,631.72 4,633.69 4,602.98 4,603.12  -28.57     1.97 -28.60     0.15  60,319.00
2026-08-26 22:00:00   GOLD 4,603.15 4,609.35 4,583.06 4,596.21   -6.91     6.20  -6.94    13.15  55,900.00
2026-08-26 23:00:00   GOLD 4,596.24 4,601.60 4,585.61 4,591.64   -4.57     5.36  -4.60     6.03  39,465.00
2026-08-27 00:00:00   GOLD 4,591.69 4,602.40 4,590.84 4,597.83    6.19     4.57   6.14     0.85  25,670.00
2026-08-27 01:00:00   GOLD 4,597.81 4,604.73 4,592.65 4,593.88   -3.95     6.92  -3.94     1.23  25,856.00
2026-08-27 02:00:00   GOLD 4,593.93 4,601.73 4,591.23 4,594.45    0.58     7.28   0.52     2.70  25,576.00
2026-08-27 03:00:00   GOLD 4,594.39 4,596.82 4,584.19 4,594.73    0.27     2.10   0.34    10.20  16,357.00
2026-08-27 05:00:00   GOLD 4,603.39 4,613.41 4,601.95 4,609.46   14.73     3.95   6.07     1.44  15,189.00
2026-08-27 06:00:00   GOLD 4,609.50 4,625.14 4,607.01 4,623.70   14.24     1.44  14.20     2.49  13,856.00
2026-08-27 07:00:00   GOLD 4,623.86 4,627.05 4,600.73 4,605.20  -18.50     3.19 -18.66     4.47  28,928.00
2026-08-27 08:00:00   GOLD 4,605.25 4,640.91 4,602.46 4,640.02   34.82     0.89  34.77     2.79  45,958.00
2026-08-27 09:00:00   GOLD 4,640.03 4,643.21 4,623.68 4,629.85  -10.16     3.18 -10.18     6.18  26,988.00
2026-08-27 10:00:00   GOLD 4,629.78 4,638.77 4,624.48 4,625.63   -4.22     8.99  -4.15     1.15  20,222.00
2026-08-27 11:00:00   GOLD 4,625.68 4,627.40 4,617.28 4,618.94   -6.69     1.72  -6.74     1.66  16,351.00
2026-08-27 12:00:00   GOLD 4,618.98 4,621.75 4,600.94 4,607.24  -11.70     2.77 -11.74     6.30  27,434.00
2026-08-27 13:00:00   GOLD 4,607.23 4,612.00 4,597.91 4,600.32   -6.92     4.77  -6.91     2.40  36,194.00
2026-08-27 14:00:00   GOLD 4,600.27 4,605.95 4,593.70 4,600.39    0.07     5.56   0.12     6.56  30,475.00
2026-08-27 15:00:00   GOLD 4,600.39 4,606.96 4,594.77 4,599.10   -1.29     6.57  -1.28     4.34  23,217.00
2026-08-27 16:00:00   GOLD 4,599.10 4,600.90 4,577.98 4,580.51  -18.60     1.80 -18.60     2.53  31,128.00
2026-08-27 17:00:00   GOLD 4,580.53 4,590.59 4,569.29 4,590.14    9.64     0.44   9.61    11.24  30,797.00
2026-08-27 18:00:00   GOLD 4,590.12 4,600.39 4,587.32 4,598.34    8.20     2.05   8.22     2.80  26,079.00
2026-08-27 19:00:00   GOLD 4,598.39 4,601.23 4,580.54 4,585.93  -12.41     2.84 -12.46     5.39  32,091.00
2026-08-27 20:00:00   GOLD 4,585.98 4,593.48 4,564.27 4,572.52  -13.41     7.49 -13.47     8.24  79,248.00
2026-08-27 21:00:00   GOLD 4,572.60 4,598.19 4,568.48 4,591.39   18.88     6.80  18.80     4.11  70,112.00
2026-08-27 22:00:00   GOLD 4,591.32 4,611.31 4,588.94 4,610.51   19.11     0.80  19.19     2.38  53,013.00
2026-08-27 23:00:00   GOLD 4,610.53 4,616.69 4,602.52 4,615.00    4.49     1.69   4.47     8.01  44,224.00
2026-08-28 00:00:00   GOLD 4,615.12 4,616.55 4,605.21 4,606.54   -8.46     1.43  -8.58     1.33  41,928.00
2026-08-28 01:00:00   GOLD 4,606.65 4,611.22 4,600.97 4,610.35    3.81     0.88   3.70     5.68  38,608.00
2026-08-28 02:00:00   GOLD 4,610.39 4,618.02 4,604.22 4,609.51   -0.84     7.63  -0.89     5.29  35,001.00
2026-08-28 03:00:00   GOLD 4,609.38 4,609.78 4,600.11 4,602.15   -7.36     0.40  -7.23     2.03  10,176.00
2026-08-28 05:00:00   GOLD 4,601.95 4,610.78 4,601.02 4,610.70    8.56     0.07   8.76     0.93   7,617.00
2026-08-28 06:00:00   GOLD 4,610.69 4,611.46 4,594.34 4,594.59  -16.11     0.77 -16.10     0.26  10,651.00
2026-08-28 07:00:00   GOLD 4,594.54 4,602.66 4,585.85 4,588.88   -5.72     8.12  -5.66     3.03  26,779.00
2026-08-28 08:00:00   GOLD 4,588.92 4,602.32 4,575.51 4,575.98  -12.89    13.40 -12.94     0.48  49,840.00
2026-08-28 09:00:00   GOLD 4,576.02 4,589.84 4,575.06 4,586.55   10.56     3.30  10.53     0.96  24,505.00
2026-08-28 10:00:00   GOLD 4,586.56 4,590.22 4,578.75 4,580.01   -6.54     3.66  -6.55     1.26  18,255.00
2026-08-28 11:00:00   GOLD 4,580.00 4,585.52 4,578.05 4,584.47    4.46     1.06   4.47     1.95  12,518.00
2026-08-28 12:00:00   GOLD 4,584.49 4,586.40 4,571.66 4,573.56  -10.91     1.91 -10.94     1.90  23,335.00
2026-08-28 13:00:00   GOLD 4,573.57 4,613.22 4,572.62 4,612.60   39.05     0.62  39.03     0.95  35,664.00
2026-08-28 14:00:00   GOLD 4,612.55 4,614.38 4,596.77 4,611.84   -0.77     1.82  -0.72    15.06  35,253.00
2026-08-28 15:00:00   GOLD 4,611.75 4,614.59 4,601.06 4,602.88   -8.95     2.84  -8.87     1.82  26,137.00
2026-08-28 16:00:00   GOLD 4,602.84 4,607.43 4,600.38 4,605.20    2.32     2.22   2.36     2.46  24,815.00
2026-08-28 17:00:00   GOLD 4,605.29 4,609.96 4,597.64 4,600.30   -4.91     4.67  -4.99     2.65  17,290.00
2026-08-28 18:00:00   GOLD 4,600.31 4,601.45 4,591.44 4,593.56   -6.73     1.14  -6.75     2.12  22,625.00
2026-08-28 19:00:00   GOLD 4,593.59 4,603.77 4,589.13 4,601.74    8.18     2.03   8.15     4.45  42,223.00
2026-08-28 20:00:00   GOLD 4,601.82 4,627.40 4,593.85 4,604.60    2.86    22.80   2.78     7.97  69,471.00
2026-08-28 21:00:00   GOLD 4,603.80 4,631.98 4,530.02 4,576.77  -27.84    28.18 -27.03    46.74 173,929.00
2026-08-28 22:00:00   GOLD 4,576.76 4,582.90 4,524.12 4,524.61  -52.16     6.14 -52.15     0.48 124,708.00
2026-08-28 23:00:00   GOLD 4,524.60 4,529.62 4,464.41 4,479.55  -45.06     5.03 -45.05    15.13 138,499.00
2026-08-29 00:00:00   GOLD 4,479.53 4,486.84 4,460.63 4,469.43  -10.11     7.31 -10.10     8.80  81,363.00
2026-08-29 01:00:00   GOLD 4,469.44 4,471.70 4,445.45 4,456.95  -12.48     2.26 -12.49    11.49  70,138.00
2026-08-29 02:00:00   GOLD 4,456.98 4,467.19 4,453.03 4,458.55    1.60     8.64   1.56     3.95  47,529.00
2026-08-29 03:00:00   GOLD 4,458.53 4,462.76 4,453.14 4,454.99   -3.56     4.22  -3.55     1.85  16,158.00
2026-08-31 05:00:00   GOLD 4,445.72 4,466.18 4,445.55 4,461.43    6.44     4.75  15.71     0.18  15,014.00
2026-08-31 06:00:00   GOLD 4,461.43 4,466.95 4,435.82 4,458.49   -2.94     5.52  -2.93    22.67  25,788.00
2026-08-31 07:00:00   GOLD 4,458.51 4,472.16 4,452.43 4,456.31   -2.19    13.65  -2.20     3.88  37,624.00
2026-08-31 08:00:00   GOLD 4,456.31 4,463.30 4,435.96 4,440.26  -16.05     6.98 -16.05     4.30  72,735.00
2026-08-31 09:00:00   GOLD 4,440.27 4,441.51 4,396.52 4,422.98  -17.28     1.24 -17.28    26.46  58,118.00
2026-08-31 10:00:00   GOLD 4,422.91 4,434.05 4,419.95 4,422.69   -0.29    11.14  -0.22     2.74  24,887.00
2026-08-31 11:00:00   GOLD 4,422.82 4,425.06 4,413.00 4,424.64    1.94     0.43   1.82     9.82  18,041.00
2026-08-31 12:00:00   GOLD 4,424.61 4,443.98 4,419.37 4,443.07   18.43     0.91  18.45     5.24  32,070.00
2026-08-31 13:00:00   GOLD 4,443.02 4,443.27 4,429.35 4,439.47   -3.60     0.25  -3.55    10.12  30,959.00
2026-08-31 14:00:00   GOLD 4,439.44 4,448.32 4,435.23 4,443.25    3.78     5.07   3.81     4.21  24,495.00
2026-08-31 15:00:00   GOLD 4,443.27 4,449.53 4,433.81 4,435.65   -7.60     6.26  -7.63     1.83  25,815.00
2026-08-31 16:00:00   GOLD 4,435.69 4,445.54 4,435.60 4,445.38    9.73     0.16   9.69     0.09  17,125.00
2026-08-31 17:00:00   GOLD 4,445.41 4,455.61 4,444.88 4,453.93    8.55     1.68   8.52     0.53  24,167.00
2026-08-31 18:00:00   GOLD 4,453.91 4,464.23 4,452.65 4,455.46    1.53     8.77   1.55     1.26  24,689.00
2026-08-31 19:00:00   GOLD 4,455.43 4,460.94 4,435.44 4,435.80  -19.66     5.51 -19.62     0.36  36,011.00
2026-08-31 20:00:00   GOLD 4,435.81 4,448.26 4,415.75 4,418.70  -17.10    12.44 -17.11     2.95  63,248.00
2026-08-31 21:00:00   GOLD 4,418.69 4,436.96 4,416.27 4,431.81   13.11     5.15  13.12     2.42  80,479.00
2026-08-31 22:00:00   GOLD 4,431.80 4,438.01 4,424.73 4,426.44   -5.38     6.21  -5.36     1.70  55,796.00
2026-08-31 23:00:00   GOLD 4,426.48 4,440.40 4,423.94 4,433.36    6.93     7.03   6.89     2.54  38,101.00
2026-09-01 00:00:00   GOLD 4,433.36 4,440.15 4,428.85 4,436.64    3.28     3.51   3.28     4.51  26,576.00
2026-09-01 01:00:00   GOLD 4,436.65 4,436.88 4,426.30 4,431.06   -5.58     0.23  -5.58     4.76  25,730.00
2026-09-01 02:00:00   GOLD 4,431.06 4,453.76 4,429.20 4,453.41   22.35     0.35  22.35     1.86  32,690.00
2026-09-01 03:00:00   GOLD 4,453.46 4,455.93 4,446.62 4,449.24   -4.18     2.47  -4.22     2.62  14,816.00
2026-09-01 05:00:00   GOLD 4,454.26 4,455.88 4,445.65 4,447.12   -2.11     1.62  -7.13     1.48   6,547.00
2026-09-01 06:00:00   GOLD 4,447.16 4,452.55 4,441.85 4,452.35    5.23     0.19   5.19     5.31   8,653.00
2026-09-01 07:00:00   GOLD 4,452.40 4,461.70 4,446.48 4,453.74    1.39     7.95   1.35     5.92  32,950.00
2026-09-01 08:00:00   GOLD 4,453.81 4,457.02 4,436.51 4,444.51   -9.23     3.20  -9.30     8.01  45,450.00
2026-09-01 09:00:00   GOLD 4,444.48 4,449.40 4,427.69 4,443.05   -1.46     4.91  -1.43    15.36  33,082.00
2026-09-01 10:00:00   GOLD 4,443.04 4,444.18 4,431.92 4,436.79   -6.26     1.14  -6.25     4.87  17,685.00
2026-09-01 11:00:00   GOLD 4,436.80 4,437.81 4,425.56 4,426.81   -9.98     1.02  -9.98     1.26  14,663.00
2026-09-01 12:00:00   GOLD 4,426.82 4,446.10 4,423.70 4,440.28   13.47     5.82  13.46     3.11  28,653.00
2026-09-01 13:00:00   GOLD 4,440.13 4,440.63 4,427.80 4,429.76  -10.52     0.50 -10.37     1.96  24,372.00
2026-09-01 14:00:00   GOLD 4,429.76 4,435.10 4,412.20 4,420.19   -9.57     5.34  -9.57     7.98  41,056.00
2026-09-01 15:00:00   GOLD 4,420.15 4,420.15 4,369.36 4,370.90  -49.28     0.00 -49.24     1.54  79,900.00
2026-09-01 16:00:00   GOLD 4,370.84 4,378.26 4,364.55 4,364.80   -6.11     7.42  -6.05     0.25  50,959.00
2026-09-01 17:00:00   GOLD 4,364.78 4,386.10 4,364.41 4,378.26   13.46     7.85  13.47     0.38  29,716.00
2026-09-01 18:00:00   GOLD 4,378.22 4,387.39 4,371.97 4,374.64   -3.61     9.17  -3.57     2.67  32,706.00
2026-09-01 19:00:00   GOLD 4,374.52 4,376.27 4,352.02 4,356.29  -18.35     1.74 -18.23     4.27  56,614.00
2026-09-01 20:00:00   GOLD 4,356.30 4,367.57 4,326.27 4,365.28    8.99     2.30   8.98    30.03  95,860.00
2026-09-01 21:00:00   GOLD 4,365.49 4,375.69 4,353.31 4,360.44   -4.84    10.20  -5.05     7.13  82,437.00
2026-09-01 22:00:00   GOLD 4,360.51 4,373.95 4,355.23 4,372.95   12.52     1.00  12.45     5.28  51,396.00
2026-09-01 23:00:00   GOLD 4,372.99 4,374.79 4,347.09 4,351.42  -21.53     1.80 -21.57     4.33  63,227.00
2026-09-02 00:00:00   GOLD 4,351.47 4,352.05 4,341.09 4,343.02   -8.40     0.58  -8.45     1.93  49,417.00
2026-09-02 01:00:00   GOLD 4,343.06 4,344.62 4,328.31 4,331.85  -11.17     1.56 -11.21     3.55  40,813.00
2026-09-02 02:00:00   GOLD 4,331.81 4,337.78 4,322.74 4,327.12   -4.73     5.97  -4.69     4.38  41,430.00
2026-09-02 03:00:00   GOLD 4,327.15 4,330.88 4,323.74 4,328.40    1.28     2.47   1.26     3.41  12,186.00
2026-09-02 05:00:00   GOLD 4,331.39 4,331.59 4,326.39 4,329.32    0.91     0.20  -2.07     2.93   5,419.00
2026-09-02 06:00:00   GOLD 4,329.28 4,335.90 4,322.94 4,324.47   -4.85     6.62  -4.81     1.52  10,459.00
2026-09-02 07:00:00   GOLD 4,324.45 4,334.59 4,314.63 4,315.90   -8.56    10.14  -8.55     1.27  44,756.00
2026-09-02 08:00:00   GOLD 4,315.81 4,326.81 4,288.44 4,291.11  -24.80    11.00 -24.70     2.67  66,469.00
2026-09-02 09:00:00   GOLD 4,291.12 4,314.85 4,287.27 4,303.06   11.95    11.80  11.94     3.85  39,477.00
2026-09-02 10:00:00   GOLD 4,302.95 4,304.45 4,282.62 4,303.45    0.39     1.01   0.50    20.32  30,062.00
2026-09-02 11:00:00   GOLD 4,303.44 4,308.06 4,301.32 4,307.47    4.02     0.60   4.03     2.12  16,336.00
2026-09-02 12:00:00   GOLD 4,307.41 4,326.65 4,303.72 4,320.12   12.65     6.53  12.70     3.69  27,964.00
2026-09-02 13:00:00   GOLD 4,320.16 4,329.32 4,314.52 4,321.88    1.76     7.45   1.72     5.64  40,639.00
2026-09-02 14:00:00   GOLD 4,321.84 4,331.40 4,319.28 4,323.17    1.30     8.23   1.33     2.56  40,490.00
2026-09-02 15:00:00   GOLD 4,323.20 4,331.65 4,312.69 4,313.07  -10.10     8.45 -10.13     0.38  41,380.00
2026-09-02 16:00:00   GOLD 4,313.05 4,322.54 4,304.87 4,308.65   -4.42     9.49  -4.40     3.78  31,467.00
2026-09-02 17:00:00   GOLD 4,308.68 4,312.35 4,301.74 4,309.40    0.75     2.96   0.72     6.94  23,101.00
2026-09-02 18:00:00   GOLD 4,309.35 4,333.10 4,307.70 4,332.49   23.10     0.61  23.14     1.65  44,579.00
2026-09-02 19:00:00   GOLD 4,332.50 4,344.39 4,327.49 4,331.52   -0.97    11.89  -0.98     4.03  57,415.00
2026-09-02 20:00:00   GOLD 4,331.61 4,385.52 4,330.85 4,385.12   53.60     0.40  53.51     0.76  80,930.00
2026-09-02 21:00:00   GOLD 4,385.10 4,397.75 4,374.41 4,377.04   -8.08    12.65  -8.06     2.63  86,416.00
2026-09-02 22:00:00   GOLD 4,377.06 4,381.05 4,364.64 4,373.19   -3.85     3.98  -3.87     8.55  61,279.00
2026-09-02 23:00:00   GOLD 4,373.18 4,374.91 4,364.52 4,368.40   -4.80     1.73  -4.78     3.88  34,777.00
2026-09-03 00:00:00   GOLD 4,368.40 4,380.85 4,364.73 4,377.08    8.68     3.77   8.68     3.67  31,280.00
2026-09-03 01:00:00   GOLD 4,377.07 4,379.85 4,369.32 4,374.27   -2.81     2.78  -2.81     4.95  31,474.00
2026-09-03 02:00:00   GOLD 4,374.24 4,391.36 4,371.83 4,391.20   16.94     0.16  16.97     2.41  32,690.00
2026-09-03 03:00:00   GOLD 4,391.23 4,391.67 4,384.06 4,388.22   -2.98     0.44  -3.01     4.16  14,590.00
2026-09-03 05:00:00   GOLD 4,391.29 4,391.84 4,383.53 4,384.75   -3.47     0.55  -6.54     1.22   8,136.00
2026-09-03 06:00:00   GOLD 4,384.76 4,388.94 4,381.25 4,385.73    0.98     3.21   0.97     3.51  11,607.00
2026-09-03 07:00:00   GOLD 4,385.73 4,397.98 4,382.51 4,395.59    9.86     2.40   9.85     3.23  24,764.00
2026-09-03 08:00:00   GOLD 4,395.65 4,412.62 4,387.36 4,410.56   14.98     2.06  14.92     8.28  47,258.00
2026-09-03 09:00:00   GOLD 4,410.53 4,420.56 4,406.80 4,420.43    9.86     0.14   9.90     3.73  33,926.00
2026-09-03 10:00:00   GOLD 4,420.41 4,432.69 4,419.40 4,431.48   11.06     1.20  11.07     1.02  21,856.00
2026-09-03 11:00:00   GOLD 4,431.45 4,438.73 4,425.66 4,437.40    5.92     1.32   5.95     5.79  13,873.00
2026-09-03 12:00:00   GOLD 4,437.40 4,440.35 4,422.59 4,431.15   -6.25     2.95  -6.24     8.57  33,437.00
2026-09-03 13:00:00   GOLD 4,431.19 4,436.38 4,417.57 4,420.59  -10.56     5.19 -10.60     3.02  37,433.00
2026-09-03 14:00:00   GOLD 4,420.61 4,431.64 4,419.16 4,428.91    8.32     2.73   8.30     1.44  37,955.00
2026-09-03 15:00:00   GOLD 4,428.86 4,443.72 4,428.14 4,434.97    6.06     8.74   6.11     0.72  48,446.00
2026-09-03 16:00:00   GOLD 4,435.02 4,442.04 4,425.60 4,427.62   -7.35     7.02  -7.40     2.02  32,706.00
2026-09-03 17:00:00   GOLD 4,427.66 4,429.97 4,419.09 4,427.35   -0.27     2.31  -0.31     8.26  27,573.00
2026-09-03 18:00:00   GOLD 4,427.38 4,445.74 4,425.12 4,444.28   16.93     1.47  16.90     2.26  30,182.00
2026-09-03 19:00:00   GOLD 4,444.25 4,495.23 4,437.85 4,493.53   49.26     1.69  49.28     6.40  65,930.00
2026-09-03 20:00:00   GOLD 4,493.59 4,496.01 4,456.93 4,470.78  -22.75     2.43 -22.80    13.86  89,867.00
2026-09-03 21:00:00   GOLD 4,470.78 4,485.43 4,458.39 4,485.36   14.58     0.06  14.59    12.39  89,302.00
2026-09-03 22:00:00   GOLD 4,485.37 4,510.93 4,484.28 4,493.35    7.98    17.59   7.98     1.09  66,402.00
2026-09-03 23:00:00   GOLD 4,493.34 4,495.57 4,485.53 4,486.28   -7.07     2.23  -7.06     0.75  35,900.00
2026-09-04 00:00:00   GOLD 4,486.36 4,494.74 4,483.35 4,486.69    0.41     8.05   0.34     3.01  28,518.00
2026-09-04 01:00:00   GOLD 4,486.70 4,489.84 4,474.02 4,475.19  -11.51     3.13 -11.52     1.17  33,683.00
2026-09-04 02:00:00   GOLD 4,475.18 4,480.81 4,472.65 4,475.29    0.10     5.52   0.11     2.53  32,201.00
2026-09-04 03:00:00   GOLD 4,475.23 4,475.74 4,470.55 4,472.97   -2.32     0.51  -2.27     2.41   9,910.00
2026-09-04 05:00:00   GOLD 4,476.07 4,478.99 4,471.52 4,474.65    1.68     2.91  -1.43     3.13   9,541.00
2026-09-04 06:00:00   GOLD 4,474.55 4,480.40 4,471.79 4,480.16    5.51     0.24   5.61     2.76   9,311.00
2026-09-04 07:00:00   GOLD 4,480.06 4,487.48 4,472.91 4,486.40    6.24     1.08   6.34     7.15  22,384.00
2026-09-04 08:00:00   GOLD 4,486.51 4,487.55 4,467.12 4,478.93   -7.47     1.03  -7.59    11.80  39,650.00
2026-09-04 09:00:00   GOLD 4,479.07 4,482.60 4,470.43 4,477.47   -1.45     3.53  -1.60     7.04  19,438.00
2026-09-04 10:00:00   GOLD 4,477.49 4,478.73 4,467.19 4,467.19  -10.28     1.23 -10.31     0.00  12,223.00
2026-09-04 11:00:00   GOLD 4,467.15 4,475.12 4,465.49 4,473.82    6.64     1.30   6.68     1.66   9,383.00
2026-09-04 12:00:00   GOLD 4,473.78 4,477.69 4,466.91 4,472.20   -1.62     3.91  -1.58     5.30  18,284.00
2026-09-04 13:00:00   GOLD 4,472.21 4,473.50 4,460.15 4,462.94   -9.27     1.29  -9.27     2.78  26,410.00
2026-09-04 14:00:00   GOLD 4,462.91 4,490.90 4,461.51 4,483.43   20.49     7.47  20.51     1.40  32,418.00
2026-09-04 15:00:00   GOLD 4,483.43 4,486.54 4,474.49 4,477.97   -5.45     3.11  -5.46     3.48  24,877.00
2026-09-04 16:00:00   GOLD 4,477.95 4,479.31 4,464.00 4,465.69  -12.28     1.36 -12.26     1.69  26,221.00
2026-09-04 17:00:00   GOLD 4,465.66 4,476.45 4,465.53 4,472.95    7.27     3.49   7.29     0.14  16,471.00
2026-09-04 18:00:00   GOLD 4,473.03 4,473.52 4,465.15 4,467.15   -5.81     0.48  -5.89     2.00  17,847.00
2026-09-04 19:00:00   GOLD 4,467.17 4,476.66 4,376.18 4,393.77  -73.38     9.49 -73.40    17.59  98,790.00
2026-09-04 20:00:00   GOLD 4,393.73 4,434.93 4,365.57 4,413.28   19.51    21.65  19.55    28.16 115,874.00
2026-09-04 21:00:00   GOLD 4,413.27 4,442.26 4,412.06 4,427.60   14.32    14.66  14.33     1.21  85,647.00
2026-09-04 22:00:00   GOLD 4,427.67 4,449.00 4,422.82 4,436.65    9.05    12.35   8.98     4.85  51,031.00
2026-09-04 23:00:00   GOLD 4,436.60 4,443.61 4,432.31 4,436.37   -0.28     7.01  -0.23     4.06  33,851.00
2026-09-05 00:00:00   GOLD 4,436.34 4,440.55 4,415.65 4,416.58  -19.79     4.22 -19.76     0.93  37,207.00
2026-09-05 01:00:00   GOLD 4,416.61 4,426.75 4,411.97 4,424.03    7.45     2.72   7.42     4.64  27,079.00
2026-09-05 02:00:00   GOLD 4,424.06 4,438.56 4,422.61 4,434.93   10.89     3.64  10.86     1.45  22,331.00
2026-09-05 03:00:00   GOLD 4,434.91 4,435.24 4,428.69 4,429.82   -5.10     0.33  -5.09     1.14   8,824.00
2026-09-07 05:00:00   GOLD 4,422.49 4,435.26 4,422.16 4,429.39   -0.43     5.86   6.90     0.33   5,599.00
2026-09-07 06:00:00   GOLD 4,429.38 4,434.06 4,421.16 4,423.44   -5.95     4.68  -5.94     2.27   9,876.00
2026-09-07 07:00:00   GOLD 4,423.53 4,429.60 4,410.10 4,412.78  -10.66     6.07 -10.76     2.68  19,794.00
2026-09-07 08:00:00   GOLD 4,412.75 4,416.87 4,389.59 4,409.22   -3.56     4.12  -3.53    19.63  48,327.00
2026-09-07 09:00:00   GOLD 4,409.23 4,419.02 4,403.09 4,408.91   -0.31     9.79  -0.32     5.82  26,179.00
2026-09-07 10:00:00   GOLD 4,408.99 4,410.70 4,401.26 4,404.28   -4.62     1.71  -4.71     3.02  17,061.00
2026-09-07 11:00:00   GOLD 4,404.27 4,407.45 4,394.58 4,398.15   -6.14     3.18  -6.12     3.57  11,049.00
2026-09-07 12:00:00   GOLD 4,398.16 4,413.31 4,393.25 4,394.23   -3.92    15.15  -3.94     0.98  18,474.00
2026-09-07 13:00:00   GOLD 4,394.26 4,399.86 4,385.33 4,392.91   -1.32     5.61  -1.35     7.58  26,649.00
2026-09-07 14:00:00   GOLD 4,392.94 4,406.83 4,391.85 4,406.45   13.54     0.38  13.51     1.09  27,689.00
2026-09-07 15:00:00   GOLD 4,406.35 4,423.89 4,405.27 4,411.01    4.56    12.88   4.65     1.08  23,430.00
2026-09-07 16:00:00   GOLD 4,411.06 4,413.89 4,403.69 4,405.74   -5.26     2.83  -5.31     2.05  14,229.00
2026-09-07 17:00:00   GOLD 4,405.65 4,406.35 4,388.11 4,391.69  -14.05     0.71 -13.95     3.59  15,568.00
2026-09-07 18:00:00   GOLD 4,391.68 4,394.98 4,381.24 4,385.33   -6.36     3.30  -6.35     4.09  23,752.00
2026-09-07 19:00:00   GOLD 4,385.34 4,398.17 4,385.34 4,396.85   11.52     1.32  11.51     0.00  12,402.00
2026-09-07 20:00:00   GOLD 4,396.74 4,407.85 4,395.47 4,402.43    5.59     5.42   5.69     1.27  19,412.00
2026-09-07 21:00:00   GOLD 4,402.44 4,419.65 4,401.16 4,416.03   13.60     3.62  13.59     1.28  25,125.00
2026-09-07 22:00:00   GOLD 4,416.05 4,416.70 4,408.90 4,414.53   -1.51     0.66  -1.52     5.62  18,725.00
2026-09-07 23:00:00   GOLD 4,414.52 4,417.40 4,411.97 4,414.57    0.05     2.82   0.06     2.55   6,093.00
2026-09-08 00:00:00   GOLD 4,414.57 4,415.19 4,407.12 4,407.18   -7.40     0.62  -7.39     0.05   5,629.00
2026-09-08 01:00:00   GOLD 4,407.18 4,409.19 4,403.13 4,406.06   -1.11     2.01  -1.12     2.93   3,986.00
2026-09-08 05:00:00   GOLD 4,412.87 4,413.60 4,406.30 4,407.65    1.58     0.73  -5.22     1.35   4,981.00
2026-09-08 06:00:00   GOLD 4,407.27 4,428.17 4,407.24 4,423.09   15.44     5.09  15.82     0.02  16,204.00
2026-09-08 07:00:00   GOLD 4,423.15 4,430.32 4,415.22 4,426.26    3.17     4.07   3.11     7.93  39,128.00
2026-09-08 08:00:00   GOLD 4,426.24 4,440.81 4,417.19 4,437.24   10.99     3.57  11.01     9.05  44,715.00
2026-09-08 09:00:00   GOLD 4,437.33 4,438.78 4,421.30 4,424.41  -12.84     1.45 -12.92     3.11  23,398.00
2026-09-08 10:00:00   GOLD 4,424.40 4,440.23 4,422.75 4,437.88   13.47     2.36  13.47     1.65  19,862.00
2026-09-08 11:00:00   GOLD 4,437.97 4,442.98 4,431.69 4,436.00   -1.88     5.01  -1.97     4.31  12,115.00
2026-09-08 12:00:00   GOLD 4,435.98 4,437.77 4,417.60 4,419.68  -16.32     1.79 -16.31     2.08  23,992.00
2026-09-08 13:00:00   GOLD 4,419.60 4,420.36 4,398.32 4,403.71  -15.97     0.77 -15.89     5.39  45,898.00
2026-09-08 14:00:00   GOLD 4,403.70 4,409.47 4,390.19 4,392.58  -11.13     5.76 -11.12     2.39  31,134.00
2026-09-08 15:00:00   GOLD 4,392.57 4,398.67 4,388.01 4,394.19    1.61     4.48   1.61     4.56  41,530.00
2026-09-08 16:00:00   GOLD 4,394.19 4,405.73 4,390.90 4,403.04    8.85     2.69   8.85     3.29  24,573.00
2026-09-08 17:00:00   GOLD 4,403.03 4,407.02 4,393.69 4,395.30   -7.74     3.98  -7.73     1.61  20,817.00
2026-09-08 18:00:00   GOLD 4,395.30 4,408.01 4,391.16 4,406.48   11.18     1.52  11.19     4.13  23,456.00
2026-09-08 19:00:00   GOLD 4,406.43 4,411.90 4,385.48 4,411.73    5.24     0.17   5.30    20.95  45,598.00
2026-09-08 20:00:00   GOLD 4,411.73 4,413.23 4,390.49 4,395.65  -16.07     1.50 -16.08     5.16  53,730.00
2026-09-08 21:00:00   GOLD 4,395.64 4,403.72 4,389.30 4,398.85    3.19     4.87   3.21     6.34  65,385.00
2026-09-08 22:00:00   GOLD 4,398.85 4,409.31 4,394.74 4,394.77   -4.08    10.46  -4.09     0.03  29,308.00
2026-09-08 23:00:00   GOLD 4,394.77 4,398.56 4,380.65 4,393.72   -1.05     3.79  -1.05    13.07  38,342.00
2026-09-09 00:00:00   GOLD 4,393.76 4,403.73 4,385.41 4,390.15   -3.57     9.97  -3.61     4.74  30,602.00
2026-09-09 01:00:00   GOLD 4,390.15 4,390.48 4,358.34 4,375.74  -14.41     0.34 -14.41    17.40  51,507.00
2026-09-09 02:00:00   GOLD 4,375.69 4,377.46 4,356.80 4,359.51  -16.23     1.77 -16.19     2.70  36,930.00
2026-09-09 03:00:00   GOLD 4,359.48 4,364.47 4,345.06 4,355.70   -3.80     4.98  -3.78    10.64  12,931.00
2026-09-09 05:00:00   GOLD 4,357.66 4,357.92 4,350.74 4,354.34   -1.37     0.26  -3.32     3.60   8,816.00
2026-09-09 06:00:00   GOLD 4,354.32 4,360.03 4,349.28 4,350.10   -4.23     5.72  -4.22     0.82  11,257.00
2026-09-09 07:00:00   GOLD 4,350.15 4,365.59 4,341.26 4,364.77   14.67     0.82  14.62     8.89  33,475.00
2026-09-09 08:00:00   GOLD 4,364.80 4,378.34 4,354.22 4,373.82    9.05     4.52   9.02    10.57  35,290.00
2026-09-09 09:00:00   GOLD 4,373.92 4,384.58 4,367.35 4,382.38    8.56     2.20   8.45     6.57  25,060.00
2026-09-09 10:00:00   GOLD 4,382.30 4,382.93 4,375.24 4,375.26   -7.11     0.63  -7.03     0.02  15,685.00
2026-09-09 11:00:00   GOLD 4,375.24 4,382.61 4,370.78 4,381.64    6.38     0.97   6.40     4.47  13,961.00
2026-09-09 12:00:00   GOLD 4,381.73 4,401.08 4,380.38 4,398.84   17.20     2.24  17.11     1.35  20,174.00
2026-09-09 13:00:00   GOLD 4,398.89 4,406.19 4,395.36 4,400.66    1.82     5.53   1.77     3.53  20,647.00
2026-09-09 14:00:00   GOLD 4,400.66 4,413.01 4,399.38 4,409.28    8.62     3.73   8.61     1.28  25,807.00
2026-09-09 15:00:00   GOLD 4,409.32 4,411.98 4,399.07 4,400.69   -8.59     2.66  -8.62     1.62  23,046.00
2026-09-09 16:00:00   GOLD 4,400.77 4,402.32 4,388.80 4,390.86   -9.84     1.56  -9.91     2.06  19,027.00
2026-09-09 17:00:00   GOLD 4,390.85 4,403.20 4,386.34 4,399.66    8.81     3.54   8.81     4.52  26,808.00
2026-09-09 18:00:00   GOLD 4,399.65 4,415.36 4,399.65 4,407.48    7.81     7.89   7.83     0.00  31,352.00
2026-09-09 19:00:00   GOLD 4,407.50 4,409.44 4,391.00 4,400.19   -7.29     1.94  -7.31     9.19  39,213.00
2026-09-09 20:00:00   GOLD 4,400.18 4,434.18 4,398.65 4,415.25   15.06    18.93  15.07     1.53  58,620.00
2026-09-09 21:00:00   GOLD 4,415.12 4,428.85 4,409.94 4,418.85    3.60     9.99   3.73     5.18  59,652.00
2026-09-09 22:00:00   GOLD 4,418.79 4,432.39 4,375.15 4,398.52  -20.33    13.60 -20.27    23.37  96,568.00
2026-09-09 23:00:00   GOLD 4,398.53 4,410.43 4,391.54 4,409.39   10.86     1.04  10.86     6.99  47,079.00
2026-09-10 00:00:00   GOLD 4,409.50 4,420.56 4,408.84 4,416.11    6.73     4.45   6.61     0.66  38,068.00
2026-09-10 01:00:00   GOLD 4,416.18 4,421.65 4,401.77 4,403.20  -12.91     5.47 -12.98     1.43  25,637.00
2026-09-10 02:00:00   GOLD 4,403.26 4,405.01 4,395.73 4,399.24   -3.96     1.74  -4.02     3.51  20,288.00
2026-09-10 03:00:00   GOLD 4,399.22 4,402.11 4,393.59 4,402.11    2.88     0.00   2.90     5.62   6,111.00
2026-09-10 05:00:00   GOLD 4,405.28 4,406.10 4,397.76 4,399.77   -2.35     0.82  -5.51     2.01   8,771.00
2026-09-10 06:00:00   GOLD 4,399.58 4,403.24 4,393.28 4,394.27   -5.49     3.66  -5.31     0.99   9,295.00
2026-09-10 07:00:00   GOLD 4,394.31 4,404.87 4,389.73 4,401.15    6.88     3.72   6.84     4.58  15,154.00
2026-09-10 08:00:00   GOLD 4,401.05 4,419.24 4,400.19 4,412.43   11.28     6.81  11.38     0.86  45,020.00
2026-09-10 09:00:00   GOLD 4,412.43 4,421.01 4,408.23 4,419.56    7.14     1.45   7.13     4.20  30,085.00
2026-09-10 10:00:00   GOLD 4,419.58 4,421.17 4,406.90 4,409.26  -10.31     1.59 -10.32     2.35  25,095.00
2026-09-10 11:00:00   GOLD 4,409.31 4,415.65 4,405.73 4,408.68   -0.58     6.34  -0.64     2.95  14,040.00
2026-09-10 12:00:00   GOLD 4,408.73 4,431.20 4,408.35 4,431.17   22.49     0.03  22.44     0.38  31,978.00
2026-09-10 13:00:00   GOLD 4,431.12 4,435.05 4,410.99 4,425.23   -5.94     3.92  -5.90    14.23  40,382.00
2026-09-10 14:00:00   GOLD 4,425.20 4,425.44 4,404.23 4,411.86  -13.37     0.23 -13.35     7.63  34,100.00
2026-09-10 15:00:00   GOLD 4,411.81 4,412.85 4,392.58 4,395.05  -16.81     1.05 -16.76     2.47  31,379.00
2026-09-10 16:00:00   GOLD 4,395.02 4,397.02 4,388.40 4,394.08   -0.97     2.01  -0.94     5.68  22,494.00
2026-09-10 17:00:00   GOLD 4,394.03 4,400.24 4,375.24 4,379.00  -15.08     6.21 -15.03     3.76  43,896.00
2026-09-10 18:00:00   GOLD 4,379.00 4,391.02 4,374.10 4,374.57   -4.43    12.02  -4.43     0.47  42,845.00
2026-09-10 19:00:00   GOLD 4,374.56 4,378.06 4,324.17 4,340.20  -34.37     3.49 -34.36    16.03  90,722.00
2026-09-10 20:00:00   GOLD 4,340.22 4,376.05 4,339.33 4,365.98   25.78    10.06  25.77     0.89  93,573.00
2026-09-10 21:00:00   GOLD 4,365.94 4,376.45 4,354.03 4,358.15   -7.84    10.51  -7.79     4.12  78,768.00
2026-09-10 22:00:00   GOLD 4,358.15 4,372.14 4,352.73 4,365.84    7.69     6.30   7.69     5.42  57,584.00
2026-09-10 23:00:00   GOLD 4,365.83 4,370.16 4,354.07 4,364.14   -1.70     4.33  -1.69    10.07  53,448.00
2026-09-11 00:00:00   GOLD 4,364.24 4,367.83 4,351.28 4,352.70  -11.44     3.59 -11.53     1.43  41,436.00
2026-09-11 01:00:00   GOLD 4,352.76 4,356.18 4,330.03 4,333.11  -19.59     3.41 -19.65     3.09  46,521.00
2026-09-11 02:00:00   GOLD 4,333.09 4,333.09 4,313.85 4,324.52   -8.60     0.00  -8.57    10.66  45,620.00
2026-09-11 03:00:00   GOLD 4,324.53 4,324.53 4,314.65 4,317.02   -7.49     0.00  -7.51     2.38  14,413.00
2026-09-11 05:00:00   GOLD 4,322.94 4,324.06 4,313.77 4,318.62    1.60     1.12  -4.32     4.85  10,740.00
2026-09-11 06:00:00   GOLD 4,318.53 4,320.66 4,311.35 4,315.38   -3.24     2.13  -3.15     4.03  14,954.00
2026-09-11 07:00:00   GOLD 4,315.39 4,334.05 4,312.73 4,332.32   16.94     1.73  16.93     2.66  42,673.00
2026-09-11 08:00:00   GOLD 4,332.31 4,340.60 4,320.89 4,329.53   -2.79     8.29  -2.78     8.64  46,216.00
2026-09-11 09:00:00   GOLD 4,329.51 4,334.52 4,315.94 4,322.76   -6.77     5.01  -6.75     6.81  41,683.00
2026-09-11 10:00:00   GOLD 4,322.70 4,326.49 4,300.80 4,304.19  -18.57     3.80 -18.51     3.39  37,248.00
2026-09-11 11:00:00   GOLD 4,304.19 4,335.31 4,302.14 4,331.76   27.57     3.56  27.57     2.05  29,403.00
2026-09-11 12:00:00   GOLD 4,331.76 4,352.03 4,328.32 4,346.17   14.41     5.86  14.41     3.44  37,822.00
2026-09-11 13:00:00   GOLD 4,346.22 4,361.15 4,345.77 4,353.22    7.05     7.93   6.99     0.45  48,923.00
2026-09-11 14:00:00   GOLD 4,353.21 4,356.24 4,340.64 4,345.01   -8.21     3.03  -8.20     4.36  33,075.00
2026-09-11 15:00:00   GOLD 4,345.07 4,357.64 4,342.10 4,347.01    2.01    10.62   1.94     2.97  38,866.00
2026-09-11 16:00:00   GOLD 4,347.06 4,354.03 4,340.93 4,346.27   -0.74     6.98  -0.78     5.35  29,230.00
2026-09-11 17:00:00   GOLD 4,346.38 4,349.98 4,336.80 4,337.63   -8.64     3.60  -8.74     0.83  22,940.00
2026-09-11 18:00:00   GOLD 4,337.56 4,342.72 4,330.28 4,333.51   -4.12     5.16  -4.05     3.23  27,880.00
2026-09-11 19:00:00   GOLD 4,333.52 4,390.26 4,292.11 4,388.56   55.05     1.70  55.03    41.41  98,119.00
2026-09-11 20:00:00   GOLD 4,388.45 4,402.56 4,380.54 4,401.60   13.04     0.96  13.15     7.91 108,206.00
2026-09-11 21:00:00   GOLD 4,401.59 4,402.63 4,364.80 4,370.91  -30.68     1.04 -30.68     6.11  80,430.00
2026-09-11 22:00:00   GOLD 4,370.72 4,377.24 4,359.32 4,367.06   -3.86     6.53  -3.66     7.74  54,612.00
2026-09-11 23:00:00   GOLD 4,367.02 4,372.77 4,352.05 4,361.61   -5.44     5.75  -5.41     9.57  52,877.00
2026-09-12 00:00:00   GOLD 4,361.61 4,370.43 4,357.98 4,358.28   -3.33     8.82  -3.32     0.31  38,774.00
2026-09-12 01:00:00   GOLD 4,358.34 4,360.12 4,344.19 4,347.01  -11.28     1.79 -11.33     2.81  28,842.00
2026-09-12 02:00:00   GOLD 4,347.03 4,353.90 4,342.74 4,348.75    1.74     5.15   1.72     4.28  27,177.00
2026-09-12 03:00:00   GOLD 4,348.72 4,351.51 4,345.60 4,349.42    0.67     2.09   0.70     3.11  10,243.00
2026-09-14 05:00:00   GOLD 4,338.79 4,342.31 4,328.40 4,338.10  -11.32     3.52  -0.69     9.70  14,531.00
2026-09-14 06:00:00   GOLD 4,338.12 4,342.61 4,332.07 4,333.03   -5.07     4.49  -5.10     0.95  17,328.00
2026-09-14 07:00:00   GOLD 4,333.02 4,347.71 4,329.85 4,338.73    5.70     8.98   5.70     3.17  39,655.00
2026-09-14 08:00:00   GOLD 4,338.69 4,355.40 4,326.35 4,353.35   14.62     2.05  14.67    12.34  54,532.00
2026-09-14 09:00:00   GOLD 4,353.34 4,355.40 4,330.38 4,331.09  -22.27     2.07 -22.25     0.71  30,910.00
2026-09-14 10:00:00   GOLD 4,330.99 4,336.62 4,327.34 4,330.70   -0.38     5.63  -0.29     3.37  31,082.00
2026-09-14 11:00:00   GOLD 4,330.69 4,331.99 4,322.17 4,329.76   -0.95     1.30  -0.93     7.59  19,070.00
2026-09-14 12:00:00   GOLD 4,329.76 4,337.52 4,323.42 4,337.40    7.64     0.12   7.64     6.34  27,393.00
2026-09-14 13:00:00   GOLD 4,337.40 4,338.77 4,320.69 4,322.32  -15.08     1.37 -15.08     1.63  34,779.00
2026-09-14 14:00:00   GOLD 4,322.29 4,324.40 4,307.99 4,311.06  -11.26     2.11 -11.23     3.06  36,200.00
2026-09-14 15:00:00   GOLD 4,311.06 4,318.36 4,303.45 4,306.69   -4.36     7.30  -4.37     3.24  36,104.00
2026-09-14 16:00:00   GOLD 4,306.69 4,311.93 4,278.30 4,285.63  -21.06     5.24 -21.06     7.33  56,043.00
2026-09-14 17:00:00   GOLD 4,285.61 4,296.64 4,278.31 4,294.69    9.06     1.95   9.07     7.30  26,328.00
2026-09-14 18:00:00   GOLD 4,294.69 4,297.09 4,284.39 4,287.17   -7.52     2.40  -7.52     2.78  22,071.00
2026-09-14 19:00:00   GOLD 4,287.18 4,297.66 4,266.01 4,271.27  -15.90    10.49 -15.90     5.27  62,445.00
2026-09-14 20:00:00   GOLD 4,271.26 4,281.38 4,253.64 4,272.73    1.46     8.65   1.47    17.62  84,003.00
2026-09-14 21:00:00   GOLD 4,272.69 4,283.01 4,264.12 4,279.57    6.84     3.44   6.88     8.56  64,108.00
2026-09-14 22:00:00   GOLD 4,279.65 4,298.44 4,272.56 4,288.25    8.68    10.19   8.60     7.09  76,597.00
2026-09-14 23:00:00   GOLD 4,288.30 4,317.83 4,286.43 4,315.72   27.47     2.11  27.42     1.87  56,810.00
2026-09-15 00:00:00   GOLD 4,315.76 4,316.44 4,307.81 4,311.06   -4.65     0.68  -4.69     3.25  47,127.00
2026-09-15 01:00:00   GOLD 4,311.05 4,315.79 4,304.86 4,307.39   -3.68     4.74  -3.66     2.52  26,959.00
2026-09-15 02:00:00   GOLD 4,307.41 4,307.89 4,282.89 4,283.72  -23.66     0.48 -23.69     0.84  25,409.00
2026-09-15 03:00:00   GOLD 4,283.72 4,299.79 4,282.43 4,299.52   15.80     0.27  15.81     1.29  12,010.00
2026-09-15 05:00:00   GOLD 4,299.31 4,300.19 4,292.99 4,295.54   -3.98     0.88  -3.77     2.55  10,708.00
2026-09-15 06:00:00   GOLD 4,295.51 4,297.53 4,287.06 4,288.38   -7.16     2.02  -7.14     1.31  13,016.00
2026-09-15 07:00:00   GOLD 4,288.36 4,296.82 4,283.37 4,293.28    4.91     3.54   4.93     4.99  24,467.00
2026-09-15 08:00:00   GOLD 4,293.23 4,306.53 4,287.91 4,304.56   11.28     1.97  11.34     5.31  37,039.00
2026-09-15 09:00:00   GOLD 4,304.64 4,317.63 4,304.64 4,314.31    9.75     3.32   9.68     0.00  29,876.00
2026-09-15 10:00:00   GOLD 4,314.29 4,314.69 4,303.39 4,303.59  -10.72     0.40 -10.70     0.20  18,509.00
2026-09-15 11:00:00   GOLD 4,303.52 4,309.75 4,300.85 4,304.93    1.34     4.82   1.40     2.67  14,393.00
2026-09-15 12:00:00   GOLD 4,304.98 4,307.77 4,289.26 4,291.20  -13.72     2.80 -13.77     1.95  27,919.00
2026-09-15 13:00:00   GOLD 4,291.14 4,295.38 4,286.10 4,293.45    2.24     1.93   2.31     5.05  31,112.00
2026-09-15 14:00:00   GOLD 4,293.48 4,295.64 4,276.35 4,280.78  -12.67     2.16 -12.70     4.43  34,637.00
2026-09-15 15:00:00   GOLD 4,280.78 4,280.97 4,261.38 4,262.54  -18.24     0.19 -18.24     1.16  38,810.00
2026-09-15 16:00:00   GOLD 4,262.53 4,272.39 4,261.73 4,268.43    5.89     3.95   5.90     0.80  33,627.00
2026-09-15 17:00:00   GOLD 4,268.44 4,284.07 4,268.42 4,281.55   13.12     2.52  13.11     0.02  25,584.00
2026-09-15 18:00:00   GOLD 4,281.55 4,286.78 4,278.73 4,284.74    3.19     2.05   3.19     2.82  23,579.00
2026-09-15 19:00:00   GOLD 4,284.71 4,295.90 4,271.46 4,290.39    5.65     5.52   5.68    13.25  36,102.00
2026-09-15 20:00:00   GOLD 4,290.38 4,298.48 4,283.50 4,294.78    4.39     3.70   4.40     6.88  56,130.00
2026-09-15 21:00:00   GOLD 4,294.78 4,300.69 4,273.98 4,277.04  -17.74     5.91 -17.74     3.06  56,576.00
2026-09-15 22:00:00   GOLD 4,277.05 4,294.82 4,276.65 4,289.56   12.52     5.26  12.52     0.40  45,670.00
2026-09-15 23:00:00   GOLD 4,289.59 4,298.37 4,285.57 4,295.64    6.08     2.73   6.05     4.02  36,519.00
2026-09-16 00:00:00   GOLD 4,295.70 4,299.16 4,290.44 4,295.10   -0.54     3.46  -0.60     4.66  28,990.00
2026-09-16 01:00:00   GOLD 4,295.10 4,310.45 4,293.07 4,308.72   13.62     1.73  13.62     2.03  32,433.00
2026-09-16 02:00:00   GOLD 4,308.73 4,310.76 4,294.34 4,297.90  -10.82     2.03 -10.83     3.56  25,454.00
2026-09-16 03:00:00   GOLD 4,297.86 4,299.13 4,291.91 4,293.89   -4.01     1.27  -3.98     1.97  10,647.00
2026-09-16 05:00:00   GOLD 4,295.39 4,299.11 4,289.12 4,289.24   -4.64     3.72  -6.15     0.12  10,246.00
2026-09-16 06:00:00   GOLD 4,289.24 4,289.77 4,281.25 4,283.56   -5.68     0.53  -5.68     2.31  13,196.00
2026-09-16 07:00:00   GOLD 4,283.63 4,286.45 4,275.67 4,277.61   -5.95     2.82  -6.02     1.94  19,688.00
2026-09-16 08:00:00   GOLD 4,277.63 4,293.71 4,276.86 4,282.74    5.13    10.97   5.11     0.77  33,136.00
2026-09-16 09:00:00   GOLD 4,282.73 4,323.64 4,282.13 4,321.72   38.98     1.91  38.99     0.60  42,176.00
2026-09-16 10:00:00   GOLD 4,321.67 4,341.14 4,321.49 4,327.19    5.47    13.95   5.52     0.18  29,002.00
2026-09-16 11:00:00   GOLD 4,327.19 4,328.65 4,320.64 4,321.95   -5.24     1.45  -5.24     1.31  11,843.00
2026-09-16 12:00:00   GOLD 4,321.90 4,333.85 4,320.79 4,326.61    4.66     7.24   4.71     1.11  22,298.00
2026-09-16 13:00:00   GOLD 4,326.60 4,333.27 4,321.65 4,333.15    6.54     0.12   6.55     4.95  35,711.00
2026-09-16 14:00:00   GOLD 4,333.10 4,339.28 4,328.53 4,329.37   -3.78     6.18  -3.73     0.84  29,266.00
2026-09-16 15:00:00   GOLD 4,329.38 4,337.73 4,323.05 4,330.27    0.90     7.45   0.89     6.33  34,921.00
2026-09-16 16:00:00   GOLD 4,330.35 4,339.50 4,327.47 4,338.19    7.91     1.31   7.83     2.89  33,362.00
2026-09-16 17:00:00   GOLD 4,338.19 4,351.26 4,337.61 4,350.98   12.80     0.28  12.79     0.59  25,222.00
2026-09-16 18:00:00   GOLD 4,350.95 4,353.78 4,341.73 4,341.78   -9.20     2.82  -9.17     0.05  30,347.00
2026-09-16 19:00:00   GOLD 4,341.79 4,349.05 4,334.77 4,347.60    5.82     1.45   5.81     7.02  28,664.00
2026-09-16 20:00:00   GOLD 4,347.41 4,360.50 4,335.07 4,338.87   -8.73    13.09  -8.54     3.80  57,202.00
2026-09-16 21:00:00   GOLD 4,338.88 4,356.05 4,324.25 4,355.10   16.23     0.94  16.23    14.62  48,077.00
2026-09-16 22:00:00   GOLD 4,355.09 4,361.57 4,342.97 4,352.81   -2.29     6.48  -2.28     9.84  47,649.00
2026-09-16 23:00:00   GOLD 4,352.82 4,352.95 4,343.82 4,346.60   -6.21     0.14  -6.22     2.78  25,687.00
2026-09-17 00:00:00   GOLD 4,346.59 4,366.23 4,341.73 4,359.40   12.80     6.83  12.81     4.86  25,667.00
2026-09-17 01:00:00   GOLD 4,359.60 4,367.41 4,257.18 4,261.36  -98.05     7.81 -98.24     4.18 197,063.00
2026-09-17 02:00:00   GOLD 4,261.38 4,287.57 4,235.16 4,272.29   10.93    15.28  10.91    26.21 139,122.00
2026-09-17 03:00:00   GOLD 4,272.28 4,273.90 4,257.35 4,263.85   -8.44     1.61  -8.43     6.50  23,198.00
2026-09-17 05:00:00   GOLD 4,260.09 4,276.30 4,257.60 4,266.71    2.86     9.59   6.62     2.49  13,731.00
2026-09-17 06:00:00   GOLD 4,266.82 4,275.78 4,258.93 4,271.93    5.22     3.85   5.11     7.89  20,643.00
2026-09-17 07:00:00   GOLD 4,271.94 4,292.48 4,266.53 4,280.41    8.48    12.06   8.48     5.40  41,278.00
2026-09-17 08:00:00   GOLD 4,280.42 4,318.29 4,280.29 4,300.41   20.00    17.88  19.99     0.13  53,826.00
2026-09-17 09:00:00   GOLD 4,300.43 4,301.10 4,274.14 4,277.37  -23.05     0.67 -23.06     3.23  43,639.00
2026-09-17 10:00:00   GOLD 4,277.38 4,297.43 4,277.21 4,296.00   18.63     1.43  18.62     0.16  24,561.00
2026-09-17 11:00:00   GOLD 4,296.06 4,299.07 4,290.41 4,297.45    1.45     1.62   1.39     5.65  15,263.00
2026-09-17 12:00:00   GOLD 4,297.41 4,305.67 4,285.60 4,304.52    7.07     1.15   7.11    11.81  27,300.00
2026-09-17 13:00:00   GOLD 4,304.51 4,315.38 4,304.35 4,310.85    6.33     4.52   6.34     0.16  35,399.00
2026-09-17 14:00:00   GOLD 4,310.83 4,335.45 4,309.30 4,327.26   16.41     8.19  16.43     1.53  29,668.00
2026-09-17 15:00:00   GOLD 4,327.30 4,328.30 4,310.16 4,311.77  -15.49     1.00 -15.53     1.61  27,909.00
2026-09-17 16:00:00   GOLD 4,311.77 4,319.34 4,305.15 4,306.26   -5.51     7.57  -5.51     1.11  24,568.00
2026-09-17 17:00:00   GOLD 4,306.35 4,325.15 4,305.15 4,324.19   17.93     0.96  17.84     1.20  21,470.00
2026-09-17 18:00:00   GOLD 4,324.27 4,353.34 4,323.36 4,349.85   25.67     3.48  25.58     0.91  40,268.00
2026-09-17 19:00:00   GOLD 4,349.82 4,381.06 4,343.66 4,373.35   23.49     7.72  23.53     6.16  73,028.00
2026-09-17 20:00:00   GOLD 4,373.34 4,375.16 4,355.50 4,366.90   -6.45     1.82  -6.44    11.40  79,861.00
2026-09-17 21:00:00   GOLD 4,366.93 4,380.04 4,352.34 4,354.19  -12.70    13.11 -12.74     1.86  58,460.00
2026-09-17 22:00:00   GOLD 4,354.27 4,370.15 4,351.36 4,370.04   15.85     0.11  15.77     2.91  45,282.00
2026-09-17 23:00:00   GOLD 4,370.05 4,372.61 4,355.89 4,362.47   -7.57     2.57  -7.58     6.57  31,000.00
2026-09-18 00:00:00   GOLD 4,362.47 4,365.99 4,357.92 4,361.43   -1.03     3.52  -1.04     3.51  27,871.00
2026-09-18 01:00:00   GOLD 4,361.42 4,365.73 4,348.52 4,351.64   -9.79     4.31  -9.78     3.12  20,486.00
2026-09-18 02:00:00   GOLD 4,351.68 4,356.12 4,342.70 4,346.20   -5.44     4.44  -5.48     3.50  22,364.00
2026-09-18 03:00:00   GOLD 4,346.23 4,347.04 4,340.65 4,341.84   -4.36     0.81  -4.39     1.19   9,242.00
2026-09-18 05:00:00   GOLD 4,343.19 4,349.74 4,341.70 4,344.48    2.64     5.27   1.29     1.48   8,829.00
2026-09-18 06:00:00   GOLD 4,344.42 4,348.32 4,339.72 4,346.43    1.95     1.89   2.01     4.70   8,778.00
2026-09-18 07:00:00   GOLD 4,346.39 4,360.32 4,342.10 4,356.38    9.95     3.94   9.99     4.29  18,773.00
2026-09-18 08:00:00   GOLD 4,356.38 4,365.80 4,344.19 4,348.55   -7.83     9.43  -7.82     4.36  36,216.00
2026-09-18 09:00:00   GOLD 4,348.41 4,356.74 4,343.26 4,346.85   -1.70     8.32  -1.57     3.59  26,304.00
2026-09-18 10:00:00   GOLD 4,346.76 4,360.92 4,334.30 4,359.34   12.49     1.58  12.58    12.47  26,687.00
2026-09-18 11:00:00   GOLD 4,359.23 4,367.11 4,352.91 4,366.90    7.56     0.21   7.67     6.32  17,473.00
2026-09-18 12:00:00   GOLD 4,366.98 4,378.39 4,360.27 4,377.51   10.61     0.88  10.53     6.71  30,173.00
2026-09-18 13:00:00   GOLD 4,377.49 4,397.35 4,377.38 4,393.50   15.99     3.85  16.01     0.11  34,162.00
2026-09-18 14:00:00   GOLD 4,393.47 4,399.67 4,388.97 4,393.49   -0.01     6.18   0.02     4.50  25,076.00
2026-09-18 15:00:00   GOLD 4,393.51 4,398.46 4,385.28 4,392.27   -1.22     4.95  -1.23     6.99  26,587.00
2026-09-18 16:00:00   GOLD 4,392.35 4,398.20 4,373.26 4,376.72  -15.56     5.85 -15.64     3.46  25,322.00
2026-09-18 17:00:00   GOLD 4,376.73 4,382.19 4,375.80 4,381.94    5.22     0.25   5.20     0.93  24,473.00
2026-09-18 18:00:00   GOLD 4,381.94 4,388.59 4,372.72 4,381.62   -0.32     6.65  -0.32     8.90  38,217.00
2026-09-18 19:00:00   GOLD 4,381.61 4,382.92 4,353.86 4,368.96  -12.66     1.31 -12.65    15.10  49,580.00
2026-09-18 20:00:00   GOLD 4,368.98 4,375.60 4,347.52 4,349.41  -19.55     6.62 -19.56     1.90  58,201.00
2026-09-18 21:00:00   GOLD 4,349.42 4,361.76 4,342.73 4,352.99    3.58     8.76   3.57     6.69  58,647.00
2026-09-18 22:00:00   GOLD 4,353.02 4,358.10 4,348.18 4,356.65    3.66     1.44   3.63     4.85  41,779.00
2026-09-18 23:00:00   GOLD 4,356.66 4,383.88 4,354.86 4,382.92   26.27     0.95  26.26     1.80  47,018.00
2026-09-19 00:00:00   GOLD 4,383.02 4,397.05 4,381.67 4,393.05   10.13     3.99  10.03     1.35  28,574.00
2026-09-19 01:00:00   GOLD 4,393.05 4,394.42 4,379.69 4,382.19  -10.86     1.38 -10.86     2.49  27,341.00
2026-09-19 02:00:00   GOLD 4,382.18 4,386.15 4,374.94 4,376.59   -5.60     3.97  -5.59     1.65  25,761.00
2026-09-19 03:00:00   GOLD 4,376.59 4,383.44 4,375.60 4,378.39    1.80     5.05   1.80     0.98  14,329.00
2026-09-21 05:00:00   GOLD 4,379.94 4,382.43 4,373.65 4,373.80   -4.59     2.49  -6.14     0.14  14,927.00
2026-09-21 06:00:00   GOLD 4,373.81 4,376.19 4,368.85 4,372.78   -1.01     2.38  -1.02     3.93  14,383.00
2026-09-21 07:00:00   GOLD 4,372.73 4,376.12 4,358.40 4,366.89   -5.90     3.39  -5.85     8.48  25,826.00
2026-09-21 08:00:00   GOLD 4,366.90 4,383.39 4,366.60 4,377.44   10.55     5.95  10.54     0.30  40,932.00
2026-09-21 09:00:00   GOLD 4,377.54 4,377.80 4,361.28 4,363.91  -13.53     0.26 -13.63     2.63  28,852.00
2026-09-21 10:00:00   GOLD 4,363.81 4,368.27 4,358.03 4,359.11   -4.80     4.46  -4.70     1.09  23,947.00
2026-09-21 11:00:00   GOLD 4,359.12 4,365.59 4,355.28 4,355.98   -3.14     6.46  -3.15     0.70  17,803.00
2026-09-21 12:00:00   GOLD 4,355.95 4,362.15 4,349.20 4,350.85   -5.13     6.19  -5.11     1.64  20,732.00
2026-09-21 13:00:00   GOLD 4,350.84 4,355.86 4,346.29 4,353.39    2.55     2.47   2.55     4.55  32,290.00
2026-09-21 14:00:00   GOLD 4,353.40 4,356.18 4,342.04 4,344.28   -9.11     2.78  -9.12     2.24  30,702.00
2026-09-21 15:00:00   GOLD 4,344.21 4,357.65 4,343.49 4,353.28    9.01     4.37   9.07     0.72  24,735.00
2026-09-21 16:00:00   GOLD 4,353.26 4,354.93 4,340.10 4,345.69   -7.59     1.67  -7.56     5.59  19,062.00
2026-09-21 17:00:00   GOLD 4,345.73 4,356.77 4,342.63 4,342.81   -2.88    11.04  -2.91     0.18  18,638.00
2026-09-21 18:00:00   GOLD 4,342.78 4,371.11 4,342.05 4,369.15   26.34     1.97  26.36     0.73  22,944.00
2026-09-21 19:00:00   GOLD 4,369.19 4,374.94 4,351.31 4,359.58   -9.57     5.75  -9.61     8.27  32,480.00
2026-09-21 20:00:00   GOLD 4,359.56 4,369.85 4,346.02 4,346.10  -13.48    10.29 -13.46     0.08  43,327.00
2026-09-21 21:00:00   GOLD 4,346.11 4,347.22 4,322.81 4,338.89   -7.21     1.11  -7.22    16.08  59,551.00
2026-09-21 22:00:00   GOLD 4,339.09 4,356.10 4,338.97 4,348.09    9.19     8.02   8.99     0.12  38,150.00
2026-09-21 23:00:00   GOLD 4,348.12 4,357.10 4,343.01 4,343.40   -4.69     8.98  -4.72     0.39  33,414.00
2026-09-22 00:00:00   GOLD 4,343.43 4,346.94 4,337.55 4,344.66    1.26     2.28   1.23     5.88  21,463.00
2026-09-22 01:00:00   GOLD 4,344.72 4,352.53 4,344.10 4,346.12    1.46     6.41   1.40     0.62  20,389.00
2026-09-22 02:00:00   GOLD 4,346.11 4,353.80 4,342.26 4,345.09   -1.03     7.68  -1.03     2.82  23,369.00
2026-09-22 03:00:00   GOLD 4,345.05 4,345.31 4,339.31 4,343.55   -1.54     0.26  -1.51     4.24   7,771.00
2026-09-22 05:00:00   GOLD 4,348.15 4,365.22 4,346.69 4,361.10   17.55     4.12  12.94     1.46   7,708.00
2026-09-22 06:00:00   GOLD 4,361.19 4,370.77 4,358.26 4,368.54    7.44     2.23   7.35     2.94  18,617.00
2026-09-22 07:00:00   GOLD 4,368.60 4,376.01 4,348.56 4,360.42   -8.12     7.40  -8.18    11.86  29,253.00
2026-09-22 08:00:00   GOLD 4,360.49 4,365.19 4,343.61 4,348.60  -11.82     4.70 -11.89     4.99  45,287.00
2026-09-22 09:00:00   GOLD 4,348.56 4,356.03 4,339.80 4,344.85   -3.75     7.47  -3.70     5.05  31,070.00
2026-09-22 10:00:00   GOLD 4,344.85 4,349.38 4,339.65 4,341.82   -3.03     4.53  -3.03     2.18  20,105.00
2026-09-22 11:00:00   GOLD 4,341.77 4,343.12 4,335.07 4,342.93    1.11     0.19   1.16     6.70  13,481.00
2026-09-22 12:00:00   GOLD 4,342.88 4,347.48 4,316.24 4,323.75  -19.18     4.60 -19.13     7.51  39,841.00
2026-09-22 13:00:00   GOLD 4,323.77 4,324.45 4,315.28 4,318.53   -5.22     0.68  -5.24     3.25  39,046.00
2026-09-22 14:00:00   GOLD 4,318.55 4,324.41 4,299.60 4,301.12  -17.41     5.86 -17.43     1.52  41,677.00
2026-09-22 15:00:00   GOLD 4,301.10 4,335.56 4,291.49 4,330.15   29.03     5.41  29.06     9.60  62,695.00
2026-09-22 16:00:00   GOLD 4,330.13 4,338.02 4,312.06 4,336.63    6.48     1.39   6.50    18.07  50,646.00
2026-09-22 17:00:00   GOLD 4,336.62 4,338.12 4,321.81 4,321.86  -14.77     1.50 -14.77     0.05  33,622.00
2026-09-22 18:00:00   GOLD 4,321.85 4,323.57 4,308.98 4,322.77    0.91     0.80   0.92    12.87  40,927.00
2026-09-22 19:00:00   GOLD 4,322.80 4,344.03 4,320.41 4,333.87   11.10    10.16  11.07     2.39  47,161.00
2026-09-22 20:00:00   GOLD 4,333.86 4,344.28 4,327.77 4,333.63   -0.24    10.42  -0.23     5.86  71,924.00
2026-09-22 21:00:00   GOLD 4,333.60 4,338.55 4,315.02 4,328.02   -5.61     4.95  -5.59    13.00  53,691.00
2026-09-22 22:00:00   GOLD 4,327.97 4,340.78 4,325.39 4,331.28    3.26     9.50   3.31     2.57  38,251.00
2026-09-22 23:00:00   GOLD 4,331.31 4,341.85 4,322.68 4,336.26    4.98     5.59   4.95     8.62  31,696.00
2026-09-23 00:00:00   GOLD 4,336.27 4,353.06 4,334.68 4,350.95   14.69     2.11  14.68     1.59  35,940.00
2026-09-23 01:00:00   GOLD 4,350.95 4,360.66 4,347.59 4,353.48    2.53     7.19   2.52     3.36  40,606.00
2026-09-23 02:00:00   GOLD 4,353.51 4,371.38 4,353.35 4,364.00   10.52     7.38  10.49     0.16  36,743.00
2026-09-23 03:00:00   GOLD 4,364.01 4,364.66 4,357.45 4,358.54   -5.46     0.65  -5.47     1.09  10,147.00
2026-09-23 05:00:00   GOLD 4,363.61 4,365.45 4,360.56 4,362.32    3.78     1.85  -1.28     1.77   8,276.00
2026-09-23 06:00:00   GOLD 4,362.35 4,365.73 4,358.44 4,364.03    1.71     1.70   1.69     3.90  11,837.00
2026-09-23 07:00:00   GOLD 4,364.01 4,369.56 4,355.26 4,357.63   -6.40     5.55  -6.38     2.38  24,240.00
2026-09-23 08:00:00   GOLD 4,357.58 4,359.36 4,338.97 4,341.40  -16.23     1.78 -16.18     2.43  25,900.00
2026-09-23 09:00:00   GOLD 4,341.20 4,341.36 4,333.41 4,334.15   -7.25     0.15  -7.06     0.74  16,566.00
2026-09-23 10:00:00   GOLD 4,334.22 4,345.56 4,333.32 4,342.64    8.49     2.92   8.43     0.90  13,493.00
2026-09-23 11:00:00   GOLD 4,342.65 4,347.39 4,342.48 4,344.22    1.58     3.17   1.57     0.17  12,703.00
2026-09-23 12:00:00   GOLD 4,344.14 4,345.81 4,328.06 4,334.65   -9.57     1.67  -9.49     6.59  14,574.00
2026-09-23 13:00:00   GOLD 4,334.62 4,337.19 4,326.14 4,331.32   -3.33     2.56  -3.31     5.18  24,459.00
2026-09-23 14:00:00   GOLD 4,331.30 4,332.98 4,318.98 4,319.61  -11.70     1.68 -11.69     0.64  23,810.00
2026-09-23 15:00:00   GOLD 4,319.61 4,322.75 4,315.51 4,318.35   -1.26     3.14  -1.26     2.84  22,984.00
2026-09-23 16:00:00   GOLD 4,318.36 4,320.56 4,308.44 4,314.27   -4.08     2.20  -4.09     5.84  21,682.00
2026-09-23 17:00:00   GOLD 4,314.28 4,319.07 4,312.41 4,315.68    1.41     3.39   1.40     1.86  16,644.00
2026-09-23 18:00:00   GOLD 4,315.68 4,317.09 4,294.62 4,309.63   -6.05     1.41  -6.05    15.01  28,827.00
2026-09-23 19:00:00   GOLD 4,309.61 4,319.23 4,300.98 4,309.84    0.20     9.39   0.23     8.63  31,582.00
2026-09-23 20:00:00   GOLD 4,309.98 4,313.56 4,280.74 4,284.02  -25.81     3.58 -25.96     3.28  71,428.00
2026-09-23 21:00:00   GOLD 4,284.02 4,298.74 4,277.81 4,294.40   10.38     4.34  10.38     6.20  70,629.00
2026-09-23 22:00:00   GOLD 4,294.46 4,297.47 4,277.65 4,282.32  -12.08     3.01 -12.14     4.67  41,735.00
2026-09-23 23:00:00   GOLD 4,282.28 4,289.85 4,278.48 4,284.98    2.66     4.87   2.70     3.80  26,414.00
2026-09-24 00:00:00   GOLD 4,285.07 4,293.36 4,274.74 4,293.02    8.04     0.35   7.95    10.32  46,412.00
2026-09-24 01:00:00   GOLD 4,293.06 4,294.94 4,282.95 4,290.47   -2.55     1.88  -2.60     7.51  25,498.00
2026-09-24 02:00:00   GOLD 4,290.47 4,293.53 4,281.25 4,284.38   -6.09     3.06  -6.09     3.13  28,002.00
2026-09-24 03:00:00   GOLD 4,284.37 4,290.24 4,282.76 4,287.41    3.03     2.84   3.04     1.61   8,452.00
2026-09-24 05:00:00   GOLD 4,293.19 4,294.57 4,286.90 4,289.51    2.10     1.38  -3.68     2.61   9,449.00
2026-09-24 06:00:00   GOLD 4,289.49 4,293.39 4,285.10 4,288.70   -0.81     3.90  -0.79     3.60   8,157.00
2026-09-24 07:00:00   GOLD 4,288.73 4,299.46 4,284.11 4,298.44    9.74     1.02   9.72     4.61  27,659.00
2026-09-24 08:00:00   GOLD 4,298.51 4,303.40 4,289.37 4,290.11   -8.34     4.89  -8.40     0.74  28,455.00

==================================================
      HOÀN THÀNH PHÂN TÍCH
==================================================
