==================================================
      VNSTOCK 4.x OPTIMIZED ANALYZER
      Danh sách: GOLD
      Khung: 1H, Số lượng: 50
==================================================

==================================================
      PHÂN TÍCH MÃ: GOLD (Gold / USD (TradingView)) 
      Khung thời gian: 1H
==================================================

--- [ LỊCH SỬ GIÁ GOLD  ] ---
                   time symbol     open     high      low    close  change  wick_up   body  wick_dn    volume
0   2026-08-10 12:00:00   GOLD 4,339.48 4,352.41 4,331.74 4,347.40    7.87     5.01   7.93     7.74 24,588.00
1   2026-08-10 13:00:00   GOLD 4,347.48 4,359.94 4,341.97 4,358.31   10.91     1.62  10.84     5.51 28,019.00
2   2026-08-10 14:00:00   GOLD 4,358.22 4,362.06 4,350.23 4,355.46   -2.85     3.84  -2.76     5.23 26,719.00
3   2026-08-10 15:00:00   GOLD 4,355.44 4,356.76 4,343.90 4,346.65   -8.81     1.32  -8.80     2.74 18,235.00
4   2026-08-10 16:00:00   GOLD 4,346.72 4,350.07 4,340.40 4,341.29   -5.36     3.35  -5.43     0.89 17,107.00
5   2026-08-10 17:00:00   GOLD 4,341.34 4,344.27 4,335.45 4,335.75   -5.54     2.93  -5.59     0.30 17,661.00
6   2026-08-10 18:00:00   GOLD 4,335.78 4,339.53 4,329.05 4,335.12   -0.63     3.76  -0.66     6.07 18,565.00
7   2026-08-10 19:00:00   GOLD 4,335.10 4,337.64 4,324.12 4,332.62   -2.49     2.54  -2.47     8.50 28,483.00
8   2026-08-10 20:00:00   GOLD 4,332.66 4,340.16 4,316.68 4,317.98  -14.64     7.51 -14.68     1.31 61,587.00
9   2026-08-10 21:00:00   GOLD 4,317.98 4,352.04 4,317.97 4,345.44   27.45     6.60  27.46     0.01 59,365.00
10  2026-08-10 22:00:00   GOLD 4,345.60 4,359.55 4,343.32 4,358.51   13.07     1.03  12.91     2.28 43,318.00
11  2026-08-10 23:00:00   GOLD 4,358.53 4,364.80 4,349.19 4,356.85   -1.66     6.27  -1.68     7.66 45,187.00
12  2026-08-11 00:00:00   GOLD 4,356.85 4,365.31 4,351.75 4,360.23    3.38     5.09   3.38     5.10 32,886.00
13  2026-08-11 01:00:00   GOLD 4,360.30 4,383.05 4,359.84 4,378.49   18.26     4.56  18.19     0.46 44,117.00
14  2026-08-11 02:00:00   GOLD 4,378.49 4,395.39 4,378.49 4,388.56   10.07     6.83  10.06     0.00 48,416.00
15  2026-08-11 03:00:00   GOLD 4,388.55 4,392.14 4,386.01 4,390.23    1.68     1.90   1.68     2.55 10,416.00
16  2026-08-11 05:00:00   GOLD 4,389.77 4,401.06 4,389.34 4,399.90    9.66     1.17  10.12     0.43  9,354.00
17  2026-08-11 06:00:00   GOLD 4,399.94 4,402.72 4,394.70 4,402.35    2.46     0.36   2.42     5.24 13,360.00
18  2026-08-11 07:00:00   GOLD 4,402.41 4,419.34 4,396.44 4,409.49    7.14     9.84   7.09     5.97 26,293.00
19  2026-08-11 08:00:00   GOLD 4,409.49 4,434.27 4,393.78 4,429.81   20.32     4.45  20.32    15.71 52,476.00
20  2026-08-11 09:00:00   GOLD 4,429.70 4,435.24 4,408.09 4,410.98  -18.84     5.54 -18.73     2.89 32,658.00
21  2026-08-11 10:00:00   GOLD 4,410.96 4,421.68 4,409.84 4,416.90    5.92     4.78   5.94     1.12 18,975.00
22  2026-08-11 11:00:00   GOLD 4,416.90 4,420.50 4,403.49 4,409.01   -7.89     3.60  -7.89     5.52 20,145.00
23  2026-08-11 12:00:00   GOLD 4,408.99 4,409.15 4,367.52 4,375.47  -33.53     0.15 -33.52     7.95 41,237.00
24  2026-08-11 13:00:00   GOLD 4,375.47 4,382.70 4,359.68 4,366.31   -9.16     7.23  -9.16     6.64 46,366.00
25  2026-08-11 14:00:00   GOLD 4,366.34 4,367.97 4,356.70 4,357.65   -8.66     1.64  -8.68     0.95 27,814.00
26  2026-08-11 15:00:00   GOLD 4,357.64 4,376.77 4,357.00 4,369.29   11.64     7.48  11.65     0.64 24,425.00
27  2026-08-11 16:00:00   GOLD 4,369.24 4,375.65 4,367.68 4,372.51    3.22     3.15   3.26     1.57 23,553.00
28  2026-08-11 17:00:00   GOLD 4,372.57 4,382.77 4,371.37 4,382.56   10.06     0.21   9.99     1.20 22,272.00
29  2026-08-11 18:00:00   GOLD 4,382.48 4,393.11 4,380.56 4,387.80    5.24     5.31   5.32     1.92 31,622.00
30  2026-08-11 19:00:00   GOLD 4,387.80 4,400.19 4,383.88 4,392.53    4.73     7.66   4.73     3.93 37,539.00
31  2026-08-11 20:00:00   GOLD 4,392.52 4,404.29 4,384.65 4,389.50   -3.03    11.77  -3.02     4.85 59,157.00
32  2026-08-11 21:00:00   GOLD 4,389.35 4,397.99 4,381.29 4,394.12    4.62     3.86   4.77     8.06 47,076.00
33  2026-08-11 22:00:00   GOLD 4,394.18 4,398.83 4,369.15 4,383.90  -10.22     4.65 -10.27    14.76 48,465.00
34  2026-08-11 23:00:00   GOLD 4,383.92 4,385.90 4,378.52 4,383.46   -0.44     1.98  -0.46     4.94 29,605.00
35  2026-08-12 00:00:00   GOLD 4,383.50 4,385.77 4,368.94 4,369.19  -14.27     2.27 -14.31     0.25 25,292.00
36  2026-08-12 01:00:00   GOLD 4,369.23 4,372.69 4,360.30 4,371.59    2.40     1.10   2.36     8.93 25,971.00
37  2026-08-12 02:00:00   GOLD 4,371.65 4,374.28 4,361.27 4,370.74   -0.85     2.62  -0.91     9.48 25,011.00
38  2026-08-12 03:00:00   GOLD 4,370.78 4,371.23 4,367.18 4,368.24   -2.50     0.45  -2.53     1.06  6,290.00
39  2026-08-12 05:00:00   GOLD 4,372.35 4,378.52 4,367.28 4,369.20    0.95     6.17  -3.15     1.92 11,211.00
40  2026-08-12 06:00:00   GOLD 4,369.19 4,374.77 4,362.65 4,371.65    2.45     3.12   2.46     6.53 13,657.00
41  2026-08-12 07:00:00   GOLD 4,371.65 4,383.80 4,366.54 4,380.50    8.85     3.30   8.85     5.11 19,879.00
42  2026-08-12 08:00:00   GOLD 4,380.59 4,397.42 4,378.44 4,396.50   16.00     0.92  15.91     2.14 32,631.00
43  2026-08-12 09:00:00   GOLD 4,396.51 4,414.50 4,394.21 4,411.32   14.82     3.18  14.81     2.30 23,401.00
44  2026-08-12 10:00:00   GOLD 4,411.35 4,416.25 4,401.06 4,402.36   -8.96     4.90  -8.99     1.30 18,105.00
45  2026-08-12 11:00:00   GOLD 4,402.36 4,403.43 4,395.44 4,401.18   -1.18     1.06  -1.19     5.74 11,180.00
46  2026-08-12 12:00:00   GOLD 4,401.12 4,404.88 4,384.02 4,391.02  -10.15     3.76 -10.10     7.00 21,514.00
47  2026-08-12 13:00:00   GOLD 4,391.01 4,406.44 4,385.23 4,403.55   12.52     2.90  12.53     5.78 26,864.00
48  2026-08-12 14:00:00   GOLD 4,403.53 4,410.15 4,398.35 4,406.35    2.81     3.79   2.82     5.19 18,137.00
49  2026-08-12 15:00:00   GOLD 4,406.35 4,410.55 4,405.74 4,406.15   -0.21     4.19  -0.21     0.40  9,851.00

==================================================
      HOÀN THÀNH PHÂN TÍCH          
==================================================
