
  ╭──────────────────────────────────────────────────────────╮
  │  ⚠️  VNSTOCK DEPRECATION NOTICE (31/08/2025)             │
  │                                                          │
  │  Lớp Vnstock và các phương thức cũ (stock, fx, crypto,   │
  │  world_index, fund...) đã chính thức bị ngừng hỗ trợ.    │
  │                                                          │
  │  Để hệ thống ổn định và nhận được cập nhật mới nhất,     │
  │  vui lòng chuyển sang dùng bộ thư viện `vnstock.api`.    │
  │                                                          │
  │  👉 Xem hướng dẫn Migration: /vnstock-migration          │
  ╰──────────────────────────────────────────────────────────╯

Mẫu code chuyển đổi (Migration Example):
--------------------------------------
Cũ (Old):  stock = Vnstock().stock('ACB')
Mới (New): from vnstock.api.quote import Quote
          q = Quote(symbol='ACB', source='VCI')

==================================================
      VNSTOCK 4.x OPTIMIZED ANALYZER
      Danh sách: GOLD
      Khung: 1D, Số lượng: 200
==================================================

==================================================
      PHÂN TÍCH MÃ: GOLD (Gold / USD (TradingView)) 
      Khung thời gian: 1D
==================================================

--- [ LỊCH SỬ GIÁ GOLD  ] ---
           time symbol     open     high      low    close  change  pct_change       volume
0    2025-08-22   GOLD 3,340.14 3,378.84 3,321.45 3,371.23   32.52        0.97   304,253.00
1    2025-08-25   GOLD 3,368.72 3,376.38 3,359.78 3,365.72   -5.51       -0.16   152,373.00
2    2025-08-26   GOLD 3,366.61 3,393.74 3,351.33 3,393.74   28.03        0.83   356,620.00
3    2025-08-27   GOLD 3,390.75 3,398.79 3,373.75 3,397.72    3.97        0.12   298,600.00
4    2025-08-28   GOLD 3,398.41 3,423.18 3,384.62 3,417.06   19.34        0.57   383,940.00
5    2025-08-29   GOLD 3,417.03 3,453.97 3,404.32 3,447.43   30.38        0.89   486,335.00
6    2025-09-01   GOLD 3,445.43 3,489.84 3,437.03 3,476.36   28.93        0.84   390,865.00
7    2025-09-02   GOLD 3,475.91 3,540.06 3,470.05 3,533.55   57.18        1.64   707,070.00
8    2025-09-03   GOLD 3,532.72 3,578.66 3,526.54 3,559.26   25.72        0.73   608,467.00
9    2025-09-04   GOLD 3,560.26 3,564.16 3,511.76 3,545.87  -13.39       -0.38   548,957.00
10   2025-09-05   GOLD 3,545.40 3,600.20 3,540.01 3,586.55   40.68        1.15   717,777.00
11   2025-09-08   GOLD 3,591.61 3,646.55 3,579.72 3,635.85   49.30        1.37   605,523.00
12   2025-09-09   GOLD 3,636.15 3,674.70 3,626.03 3,626.32   -9.53       -0.26   653,882.00
13   2025-09-10   GOLD 3,627.45 3,657.61 3,620.14 3,640.59   14.27        0.39   493,414.00
14   2025-09-11   GOLD 3,644.47 3,649.34 3,612.84 3,634.12   -6.47       -0.18   485,145.00
15   2025-09-12   GOLD 3,635.90 3,656.70 3,630.62 3,643.09    8.97        0.25   411,073.00
16   2025-09-15   GOLD 3,644.57 3,685.70 3,626.46 3,678.79   35.70        0.98   490,753.00
17   2025-09-16   GOLD 3,680.14 3,703.24 3,674.70 3,689.86   11.07        0.30   476,961.00
18   2025-09-17   GOLD 3,691.34 3,707.55 3,646.12 3,659.97  -29.88       -0.81   619,729.00
19   2025-09-18   GOLD 3,659.62 3,673.20 3,627.96 3,644.18  -15.80       -0.43   569,752.00
20   2025-09-19   GOLD 3,642.92 3,685.74 3,632.38 3,684.97   40.80        1.12   490,300.00
21   2025-09-22   GOLD 3,687.77 3,748.86 3,683.55 3,746.36   61.38        1.67   504,786.00
22   2025-09-23   GOLD 3,747.12 3,791.26 3,736.66 3,764.20   17.85        0.48   570,300.00
23   2025-09-24   GOLD 3,765.31 3,779.34 3,717.52 3,736.16  -28.04       -0.74   388,341.00
24   2025-09-25   GOLD 3,739.61 3,761.69 3,722.22 3,749.44   13.28        0.36   466,427.00
25   2025-09-26   GOLD 3,747.24 3,783.89 3,734.44 3,759.86   10.41        0.28   407,811.00
26   2025-09-29   GOLD 3,764.74 3,834.30 3,763.45 3,833.88   74.03        1.97   555,525.00
27   2025-09-30   GOLD 3,832.57 3,871.89 3,793.18 3,858.45   24.57        0.64   538,261.00
28   2025-10-01   GOLD 3,860.08 3,895.50 3,853.38 3,865.53    7.08        0.18   508,789.00
29   2025-10-02   GOLD 3,864.41 3,897.13 3,819.43 3,856.56   -8.97       -0.23   537,737.00
30   2025-10-03   GOLD 3,857.14 3,891.76 3,838.07 3,886.45   29.89        0.78   486,579.00
31   2025-10-06   GOLD 3,891.34 3,970.20 3,884.11 3,960.69   74.24        1.91   631,381.00
32   2025-10-07   GOLD 3,960.62 3,991.14 3,941.05 3,984.33   23.64        0.60   643,666.00
33   2025-10-08   GOLD 3,986.28 4,059.35 3,984.32 4,041.90   57.57        1.44   613,615.00
34   2025-10-09   GOLD 4,036.78 4,058.11 3,944.43 3,976.24  -65.66       -1.62   931,973.00
35   2025-10-10   GOLD 3,977.26 4,023.00 3,947.02 4,016.68   40.44        1.02   957,145.00
36   2025-10-13   GOLD 4,017.62 4,117.42 3,998.15 4,110.34   93.66        2.33   727,281.00
37   2025-10-14   GOLD 4,112.47 4,179.94 4,090.14 4,142.62   32.29        0.79   920,993.00
38   2025-10-15   GOLD 4,140.76 4,218.40 4,140.73 4,207.77   65.15        1.57   689,245.00
39   2025-10-16   GOLD 4,212.56 4,330.90 4,199.97 4,326.06  118.29        2.81   780,709.00
40   2025-10-17   GOLD 4,338.03 4,380.99 4,185.91 4,253.98  -72.09       -1.67 1,434,931.00
41   2025-10-20   GOLD 4,267.07 4,381.44 4,219.11 4,355.80  101.82        2.39   986,496.00
42   2025-10-21   GOLD 4,366.33 4,375.62 4,080.58 4,125.27 -230.52       -5.29 1,158,088.00
43   2025-10-22   GOLD 4,124.28 4,161.53 4,004.28 4,099.40  -25.87       -0.63 1,249,834.00
44   2025-10-23   GOLD 4,110.09 4,154.79 4,065.90 4,126.07   26.68        0.65   863,796.00
45   2025-10-24   GOLD 4,125.85 4,144.53 4,043.51 4,114.12  -11.95       -0.29   752,977.00
46   2025-10-27   GOLD 4,085.70 4,109.00 3,971.45 3,981.99 -132.14       -3.21 1,001,515.00
47   2025-10-28   GOLD 3,990.01 4,019.80 3,886.47 3,953.00  -28.99       -0.73   840,670.00
48   2025-10-29   GOLD 3,955.95 4,030.34 3,907.93 3,930.61  -22.39       -0.57   968,758.00
49   2025-10-30   GOLD 3,921.61 4,027.24 3,915.52 4,024.53   93.91        2.39   870,797.00
50   2025-10-31   GOLD 4,021.47 4,046.59 3,972.28 4,002.81  -21.72       -0.54   856,859.00
51   2025-11-03   GOLD 3,995.47 4,030.82 3,962.28 4,001.61   -1.20       -0.03   715,045.00
52   2025-11-04   GOLD 4,005.11 4,005.27 3,928.68 3,932.10  -69.51       -1.74   649,278.00
53   2025-11-05   GOLD 3,937.93 3,990.57 3,929.35 3,980.11   48.01        1.22   448,865.00
54   2025-11-06   GOLD 3,968.78 4,019.64 3,964.45 3,977.14   -2.97       -0.07   633,761.00
55   2025-11-07   GOLD 3,979.47 4,027.59 3,978.43 4,001.28   24.14        0.61   527,761.00
56   2025-11-10   GOLD 4,005.68 4,116.69 4,004.36 4,115.41  114.13        2.85   585,179.00
57   2025-11-11   GOLD 4,116.84 4,149.10 4,097.24 4,126.51   11.10        0.27   420,509.00
58   2025-11-12   GOLD 4,130.90 4,211.80 4,098.91 4,195.21   68.70        1.66   748,403.00
59   2025-11-13   GOLD 4,202.64 4,245.19 4,145.19 4,171.74  -23.47       -0.56   943,082.00
60   2025-11-14   GOLD 4,177.28 4,211.44 4,032.23 4,085.82  -85.92       -2.06   778,402.00
61   2025-11-17   GOLD 4,078.28 4,106.70 4,007.05 4,045.86  -39.96       -0.98   644,975.00
62   2025-11-18   GOLD 4,050.79 4,082.58 3,997.99 4,067.43   21.57        0.53   643,437.00
63   2025-11-19   GOLD 4,067.64 4,132.98 4,055.47 4,077.85   10.42        0.26   631,289.00
64   2025-11-20   GOLD 4,088.26 4,110.37 4,038.90 4,077.53   -0.32       -0.01   944,612.00
65   2025-11-21   GOLD 4,073.08 4,101.07 4,022.26 4,065.01  -12.52       -0.31   988,542.00
66   2025-11-24   GOLD 4,067.61 4,139.89 4,040.02 4,133.98   68.97        1.70   656,073.00
67   2025-11-25   GOLD 4,135.48 4,159.38 4,109.71 4,130.55   -3.43       -0.08   811,764.00
68   2025-11-26   GOLD 4,134.49 4,173.50 4,129.99 4,163.57   33.02        0.80   656,182.00
69   2025-11-27   GOLD 4,165.26 4,168.75 4,142.73 4,158.80   -4.77       -0.11   326,231.00
70   2025-11-28   GOLD 4,159.35 4,226.91 4,153.74 4,215.82   57.02        1.37   344,766.00
71   2025-12-01   GOLD 4,226.31 4,264.70 4,205.78 4,232.29   16.47        0.39 1,025,407.00
72   2025-12-02   GOLD 4,231.77 4,236.15 4,163.81 4,205.66  -26.62       -0.63   607,631.00
73   2025-12-03   GOLD 4,202.48 4,241.56 4,194.65 4,203.11   -2.55       -0.06   715,594.00
74   2025-12-04   GOLD 4,206.47 4,219.62 4,174.81 4,208.77    5.65        0.13   694,763.00
75   2025-12-05   GOLD 4,209.41 4,259.34 4,192.06 4,198.69  -10.08       -0.24   579,001.00
76   2025-12-08   GOLD 4,198.69 4,219.18 4,176.20 4,190.66   -8.03       -0.19   629,212.00
77   2025-12-09   GOLD 4,191.48 4,221.62 4,169.98 4,207.91   17.26        0.41   789,956.00
78   2025-12-10   GOLD 4,209.44 4,238.78 4,182.08 4,228.77   20.86        0.50   776,990.00
79   2025-12-11   GOLD 4,228.24 4,285.89 4,204.27 4,279.34   50.56        1.20   662,996.00
80   2025-12-12   GOLD 4,282.93 4,353.56 4,257.27 4,299.38   20.05        0.47   925,565.00
81   2025-12-15   GOLD 4,302.98 4,350.28 4,285.52 4,304.91    5.53        0.13   768,093.00
82   2025-12-16   GOLD 4,307.67 4,335.19 4,271.57 4,302.23   -2.68       -0.06   716,151.00
83   2025-12-17   GOLD 4,303.60 4,349.28 4,302.40 4,337.83   35.60        0.83   718,404.00
84   2025-12-18   GOLD 4,338.89 4,374.65 4,308.67 4,332.59   -5.24       -0.12   929,628.00
85   2025-12-19   GOLD 4,335.85 4,356.62 4,309.10 4,338.77    6.18        0.14   679,583.00
86   2025-12-22   GOLD 4,340.90 4,449.39 4,339.90 4,443.74  104.97        2.42   664,280.00
87   2025-12-23   GOLD 4,449.18 4,499.82 4,430.52 4,484.55   40.81        0.92   974,310.00
88   2025-12-24   GOLD 4,488.59 4,526.15 4,448.26 4,479.41   -5.14       -0.11 1,016,090.00
89   2025-12-26   GOLD 4,502.62 4,550.15 4,484.19 4,533.21   53.80        1.20 1,329,442.00
90   2025-12-29   GOLD 4,542.66 4,548.35 4,302.11 4,332.56 -200.65       -4.43 1,404,638.00
91   2025-12-30   GOLD 4,341.72 4,404.38 4,323.42 4,339.40    6.84        0.16 1,348,201.00
92   2025-12-31   GOLD 4,341.77 4,373.59 4,274.02 4,322.61  -16.79       -0.39 1,255,566.00
93   2026-01-02   GOLD 4,326.40 4,402.30 4,309.91 4,332.06    9.45        0.22   907,045.00
94   2026-01-05   GOLD 4,356.51 4,455.77 4,349.35 4,449.17  117.11        2.70 1,055,909.00
95   2026-01-06   GOLD 4,454.80 4,497.31 4,427.64 4,494.64   45.47        1.02   982,006.00
96   2026-01-07   GOLD 4,498.54 4,500.56 4,423.39 4,456.65  -37.99       -0.85   972,081.00
97   2026-01-08   GOLD 4,461.95 4,479.71 4,407.84 4,477.56   20.91        0.47 1,196,950.00
98   2026-01-09   GOLD 4,476.64 4,517.25 4,452.92 4,509.66   32.10        0.72   896,412.00
99   2026-01-12   GOLD 4,521.49 4,630.19 4,521.19 4,597.65   87.99        1.95 1,181,887.00
100  2026-01-13   GOLD 4,597.62 4,634.89 4,569.47 4,586.01  -11.64       -0.25 1,075,479.00
101  2026-01-14   GOLD 4,591.94 4,642.97 4,591.49 4,626.57   40.57        0.88 1,078,344.00
102  2026-01-15   GOLD 4,624.17 4,625.02 4,581.06 4,616.04  -10.53       -0.23 1,129,346.00
103  2026-01-16   GOLD 4,619.07 4,620.98 4,536.49 4,596.32  -19.72       -0.43   918,103.00
104  2026-01-19   GOLD 4,649.78 4,690.94 4,646.14 4,670.30   73.98        1.61   603,797.00
105  2026-01-20   GOLD 4,668.57 4,766.40 4,659.40 4,763.37   93.07        1.99   837,956.00
106  2026-01-21   GOLD 4,762.81 4,888.55 4,755.07 4,831.38   68.01        1.43 1,218,823.00
107  2026-01-22   GOLD 4,816.80 4,940.89 4,772.27 4,936.07  104.69        2.17   919,080.00
108  2026-01-23   GOLD 4,952.30 4,990.12 4,899.80 4,987.55   51.47        1.04   887,322.00
109  2026-01-26   GOLD 5,015.63 5,111.51 4,990.22 5,008.88   21.33        0.43 1,521,879.00
110  2026-01-27   GOLD 5,035.80 5,190.51 5,013.88 5,180.62  171.75        3.43 1,259,046.00
111  2026-01-28   GOLD 5,181.64 5,419.65 5,157.21 5,418.55  237.92        4.59 1,604,379.00
112  2026-01-29   GOLD 5,446.99 5,602.23 5,097.22 5,370.23  -48.32       -0.89 2,135,665.00
113  2026-01-30   GOLD 5,419.64 5,451.16 4,679.51 4,895.44 -474.79       -8.84 2,683,129.00
114  2026-02-02   GOLD 4,833.89 4,884.56 4,402.38 4,661.06 -234.38       -4.79 2,548,266.00
115  2026-02-03   GOLD 4,704.10 4,993.84 4,695.53 4,946.81  285.75        6.13 1,758,209.00
116  2026-02-04   GOLD 4,959.77 5,091.93 4,848.40 4,964.45   17.65        0.36 1,372,095.00
117  2026-02-05   GOLD 4,995.96 5,024.03 4,759.48 4,780.68 -183.78       -3.70 1,835,154.00
118  2026-02-06   GOLD 4,778.27 4,971.34 4,655.23 4,964.62  183.94        3.85 1,336,545.00
119  2026-02-09   GOLD 4,989.93 5,086.68 4,965.42 5,057.77   93.15        1.88   978,320.00
120  2026-02-10   GOLD 5,057.53 5,078.74 4,987.39 5,025.12  -32.65       -0.65   933,647.00
121  2026-02-11   GOLD 5,033.59 5,119.35 5,019.72 5,084.28   59.16        1.18   896,564.00
122  2026-02-12   GOLD 5,095.49 5,095.91 4,878.50 4,922.08 -162.20       -3.19 1,007,596.00
123  2026-02-13   GOLD 4,888.31 5,046.48 4,888.31 5,042.74  120.66        2.45   895,228.00
124  2026-02-16   GOLD 5,017.15 5,032.56 4,964.86 4,992.01  -50.73       -1.01   396,800.00
125  2026-02-17   GOLD 4,997.26 5,001.24 4,842.60 4,877.85 -114.15       -2.29   981,481.00
126  2026-02-18   GOLD 4,871.14 5,010.91 4,854.24 4,977.26   99.41        2.04   656,359.00
127  2026-02-19   GOLD 4,973.80 5,022.39 4,960.65 4,996.49   19.23        0.39   615,915.00
128  2026-02-20   GOLD 5,000.81 5,108.72 4,981.67 5,108.26  111.77        2.24   791,257.00
129  2026-02-23   GOLD 5,118.71 5,237.95 5,117.81 5,226.87  118.61        2.32   785,577.00
130  2026-02-24   GOLD 5,244.98 5,250.01 5,093.23 5,143.93  -82.94       -1.59   848,728.00
131  2026-02-25   GOLD 5,135.49 5,217.78 5,128.28 5,163.58   19.65        0.38   689,853.00
132  2026-02-26   GOLD 5,173.57 5,205.64 5,130.23 5,185.17   21.59        0.42   854,716.00
133  2026-02-27   GOLD 5,182.03 5,281.15 5,166.99 5,278.51   93.34        1.80   814,541.00
134  2026-03-02   GOLD 5,368.53 5,419.66 5,260.28 5,321.94   43.43        0.82 1,287,427.00
135  2026-03-03   GOLD 5,344.96 5,379.98 4,996.27 5,088.84 -233.10       -4.38 1,617,383.00
136  2026-03-04   GOLD 5,106.34 5,206.27 5,105.37 5,140.94   52.11        1.02 1,224,059.00
137  2026-03-05   GOLD 5,152.48 5,195.22 5,050.90 5,081.38  -59.56       -1.16 1,240,770.00
138  2026-03-06   GOLD 5,090.81 5,176.63 5,063.22 5,171.50   90.12        1.77 1,161,417.00
139  2026-03-09   GOLD 5,171.95 5,171.95 5,015.05 5,137.91  -33.59       -0.65 1,394,107.00
140  2026-03-10   GOLD 5,128.81 5,238.77 5,117.35 5,192.51   54.60        1.06   833,109.00
141  2026-03-11   GOLD 5,191.79 5,223.39 5,149.15 5,176.48  -16.03       -0.31   630,037.00
142  2026-03-12   GOLD 5,178.05 5,191.79 5,055.12 5,079.26  -97.22       -1.88   804,529.00
143  2026-03-13   GOLD 5,083.86 5,128.48 5,009.74 5,020.60  -58.65       -1.15   695,124.00
144  2026-03-16   GOLD 5,014.95 5,038.15 4,967.77 5,006.56  -14.04       -0.28   865,975.00
145  2026-03-17   GOLD 5,011.11 5,044.90 4,973.72 5,005.73   -0.84       -0.02   665,101.00
146  2026-03-18   GOLD 5,001.96 5,016.53 4,806.85 4,818.41 -187.31       -3.74   908,731.00
147  2026-03-19   GOLD 4,824.65 4,867.23 4,502.36 4,650.72 -167.69       -3.48 1,777,919.00
148  2026-03-20   GOLD 4,659.99 4,736.18 4,477.54 4,497.48 -153.24       -3.29 1,538,222.00
149  2026-03-23   GOLD 4,472.24 4,536.41 4,099.12 4,406.51  -90.97       -2.02 2,759,675.00
150  2026-03-24   GOLD 4,382.82 4,484.49 4,305.88 4,474.27   67.77        1.54 2,120,905.00
151  2026-03-25   GOLD 4,476.64 4,602.65 4,455.89 4,506.85   32.57        0.73 1,234,234.00
152  2026-03-26   GOLD 4,521.85 4,544.81 4,351.35 4,378.20 -128.65       -2.85 1,545,708.00
153  2026-03-27   GOLD 4,388.67 4,555.63 4,375.52 4,493.69  115.49        2.64 1,017,271.00
154  2026-03-30   GOLD 4,512.54 4,580.73 4,417.43 4,510.65   16.96        0.38 1,310,697.00
155  2026-03-31   GOLD 4,517.71 4,687.34 4,482.66 4,667.88  157.23        3.49 1,298,919.00
156  2026-04-01   GOLD 4,674.53 4,793.19 4,662.12 4,758.20   90.32        1.94 1,062,604.00
157  2026-04-02   GOLD 4,758.47 4,800.80 4,553.85 4,676.74  -81.45       -1.71 1,477,021.00
158  2026-04-06   GOLD 4,638.25 4,706.88 4,600.85 4,649.99  -26.75       -0.57   915,070.00
159  2026-04-07   GOLD 4,661.76 4,718.96 4,607.63 4,704.81   54.82        1.18 1,215,752.00
160  2026-04-08   GOLD 4,741.85 4,858.22 4,699.31 4,718.96   14.15        0.30 1,158,729.00
161  2026-04-09   GOLD 4,727.55 4,801.39 4,698.73 4,765.40   46.44        0.98   949,417.00
162  2026-04-10   GOLD 4,772.62 4,794.98 4,730.74 4,749.69  -15.72       -0.33   772,355.00
163  2026-04-13   GOLD 4,670.43 4,750.20 4,644.47 4,740.34   -9.35       -0.20   950,060.00
164  2026-04-14   GOLD 4,746.92 4,846.37 4,745.84 4,841.76  101.42        2.14   745,834.00
165  2026-04-15   GOLD 4,849.15 4,871.38 4,786.08 4,790.94  -50.82       -1.05   741,540.00
166  2026-04-16   GOLD 4,798.47 4,838.56 4,772.57 4,790.66   -0.28       -0.01   740,854.00
167  2026-04-17   GOLD 4,793.94 4,891.54 4,767.85 4,831.61   40.95        0.85   893,667.00
168  2026-04-20   GOLD 4,774.81 4,827.69 4,736.83 4,820.11  -11.49       -0.24   868,597.00
169  2026-04-21   GOLD 4,825.14 4,833.40 4,668.62 4,720.69  -99.43       -2.06 1,053,867.00
170  2026-04-22   GOLD 4,726.09 4,772.39 4,715.78 4,740.45   19.77        0.42   701,691.00
171  2026-04-23   GOLD 4,741.96 4,754.20 4,664.38 4,694.09  -46.36       -0.98 1,057,518.00
172  2026-04-24   GOLD 4,695.94 4,740.57 4,658.03 4,709.75   15.66        0.33   876,536.00
173  2026-04-27   GOLD 4,696.88 4,729.97 4,667.34 4,681.95  -27.80       -0.59   710,688.00
174  2026-04-28   GOLD 4,682.59 4,701.64 4,555.14 4,596.80  -85.15       -1.82 1,005,672.00
175  2026-04-29   GOLD 4,598.74 4,610.53 4,510.10 4,543.72  -53.09       -1.15 1,088,682.00
176  2026-04-30   GOLD 4,540.13 4,647.05 4,539.69 4,622.06   78.35        1.72   959,728.00
177  2026-05-01   GOLD 4,629.52 4,660.59 4,560.32 4,613.84   -8.23       -0.18   798,462.00
178  2026-05-04   GOLD 4,625.35 4,629.47 4,501.03 4,524.11  -89.72       -1.94   974,935.00
179  2026-05-05   GOLD 4,520.77 4,586.60 4,513.65 4,557.53   33.42        0.74   426,094.00
180  2026-05-06   GOLD 4,552.07 4,723.14 4,546.36 4,690.91  133.38        2.93   702,590.00
181  2026-05-07   GOLD 4,690.16 4,764.90 4,685.27 4,687.18   -3.73       -0.08   779,702.00
182  2026-05-08   GOLD 4,694.56 4,749.58 4,682.05 4,715.72   28.53        0.61   640,071.00
183  2026-05-11   GOLD 4,687.43 4,748.95 4,648.09 4,735.45   19.74        0.42   599,033.00
184  2026-05-12   GOLD 4,740.56 4,773.57 4,638.36 4,715.49  -19.96       -0.42   762,744.00
185  2026-05-13   GOLD 4,719.90 4,727.03 4,669.52 4,689.14  -26.35       -0.56   591,544.00
186  2026-05-14   GOLD 4,693.60 4,718.88 4,644.31 4,652.27  -36.87       -0.79   638,104.00
187  2026-05-15   GOLD 4,654.08 4,665.44 4,510.98 4,540.65 -111.62       -2.40   982,982.00
188  2026-05-18   GOLD 4,545.81 4,584.38 4,480.41 4,566.16   25.51        0.56   942,372.00
189  2026-05-19   GOLD 4,570.36 4,589.58 4,464.78 4,482.11  -84.05       -1.84   747,484.00
190  2026-05-20   GOLD 4,484.73 4,553.05 4,453.39 4,543.70   61.59        1.37   774,042.00
191  2026-05-21   GOLD 4,544.62 4,570.90 4,488.63 4,543.43   -0.28       -0.01   901,516.00
192  2026-05-22   GOLD 4,544.90 4,545.26 4,491.93 4,509.69  -33.74       -0.74   659,163.00
193  2026-05-25   GOLD 4,550.54 4,580.21 4,548.91 4,570.31   60.62        1.34   400,882.00
194  2026-05-26   GOLD 4,571.33 4,580.24 4,482.62 4,507.57  -62.74       -1.37   604,063.00
195  2026-05-27   GOLD 4,506.73 4,528.05 4,401.63 4,456.12  -51.45       -1.14   658,786.00
196  2026-05-28   GOLD 4,456.89 4,516.63 4,366.23 4,495.82   39.70        0.89   742,856.00
197  2026-05-29   GOLD 4,497.09 4,595.33 4,488.98 4,540.53   44.70        0.99   638,169.00
198  2026-06-01   GOLD 4,520.80 4,546.27 4,447.86 4,484.73  -55.80       -1.23   595,173.00

==================================================
      HOÀN THÀNH PHÂN TÍCH          
==================================================
